Projekt Aerodynamik Übung CPM3
P_amb in [Pa]:  100463 T_amb in [K]: 291
Channel 1-3 HCL Druckdaten [V] 
0,141	0,169	0,135
0,141	0,167	0,140
0,141	0,169	0,135
0,139	0,164	0,140
0,139	0,164	0,136
0,142	0,172	0,137
0,142	0,164	0,135
0,142	0,165	0,139
0,139	0,169	0,135
0,142	0,159	0,139
0,137	0,162	0,135
0,139	0,167	0,135
0,142	0,169	0,135
0,138	0,165	0,137
0,142	0,163	0,137
0,142	0,167	0,142
0,141	0,167	0,135
0,141	0,162	0,142
0,143	0,162	0,137
0,139	0,167	0,142
0,144	0,165	0,137
0,144	0,162	0,140
0,142	0,164	0,135
0,139	0,169	0,135
0,142	0,170	0,142
0,142	0,167	0,140
0,142	0,162	0,140
0,139	0,170	0,142
0,139	0,162	0,143
0,141	0,165	0,134
0,138	0,162	0,142
0,142	0,167	0,135
0,144	0,164	0,134
0,141	0,167	0,134
0,141	0,175	0,132
0,145	0,162	0,134
0,142	0,163	0,140
0,139	0,172	0,131
0,139	0,162	0,140
0,142	0,165	0,137
0,142	0,164	0,135
0,132	0,170	0,142
0,141	0,174	0,138
0,139	0,167	0,135
0,144	0,169	0,139
0,141	0,175	0,140
0,142	0,167	0,135
0,132	0,162	0,137
0,144	0,172	0,140
0,136	0,172	0,142
0,141	0,164	0,135
0,141	0,162	0,137
0,141	0,162	0,140
0,141	0,164	0,135
0,143	0,169	0,140
0,139	0,167	0,137
0,141	0,163	0,130
0,141	0,172	0,140
0,144	0,167	0,142
0,141	0,169	0,137
0,144	0,164	0,134
0,139	0,167	0,139
0,142	0,164	0,135
0,147	0,167	0,137
0,138	0,161	0,140
0,142	0,166	0,137
0,141	0,166	0,136
0,139	0,161	0,140
0,139	0,168	0,142
0,139	0,162	0,139
0,141	0,172	0,142
0,141	0,175	0,139
0,142	0,169	0,140
0,142	0,167	0,138
0,141	0,172	0,137
0,139	0,172	0,138
0,141	0,165	0,140
0,147	0,166	0,140
0,145	0,165	0,139
0,139	0,167	0,137
0,142	0,167	0,134
0,141	0,170	0,140
0,142	0,162	0,137
0,145	0,173	0,138
0,139	0,170	0,134
0,142	0,172	0,138
0,142	0,164	0,137
0,141	0,175	0,139
0,142	0,172	0,135
0,142	0,162	0,133
0,142	0,161	0,137
0,141	0,168	0,137
0,139	0,168	0,135
0,145	0,174	0,137
0,141	0,173	0,135
0,142	0,166	0,137
0,142	0,167	0,135
0,142	0,172	0,137
0,141	0,163	0,133
0,142	0,164	0,135
0,140	0,169	0,138
0,139	0,172	0,134
0,142	0,162	0,143
0,139	0,167	0,138
0,134	0,169	0,136
0,138	0,167	0,137
0,141	0,169	0,135
0,142	0,162	0,138
0,141	0,172	0,143
0,144	0,162	0,135
0,132	0,170	0,142
0,139	0,165	0,135
0,143	0,162	0,142
0,137	0,169	0,138
0,142	0,163	0,135
0,139	0,172	0,134
0,141	0,162	0,135
0,139	0,160	0,135
0,142	0,163	0,139
0,142	0,162	0,135
0,142	0,173	0,137
0,141	0,164	0,139
0,138	0,170	0,133
0,139	0,167	0,138
0,141	0,172	0,138
0,142	0,162	0,139
0,142	0,167	0,137
0,141	0,167	0,136
0,144	0,167	0,140
0,145	0,162	0,134
0,137	0,169	0,135
0,137	0,166	0,142
0,139	0,167	0,138
0,141	0,175	0,135
0,142	0,163	0,135
0,144	0,167	0,135
0,142	0,164	0,137
0,142	0,163	0,135
0,142	0,175	0,135
0,139	0,165	0,135
0,141	0,162	0,135
0,142	0,164	0,131
0,142	0,167	0,135
0,141	0,162	0,137
0,141	0,165	0,137
0,136	0,162	0,135
0,145	0,164	0,138
0,142	0,164	0,137
0,142	0,171	0,137
0,137	0,171	0,135
0,141	0,171	0,135
0,143	0,165	0,136
0,139	0,162	0,137
0,142	0,167	0,137
0,141	0,169	0,137
0,139	0,162	0,134
0,142	0,169	0,135
0,137	0,162	0,135
0,140	0,171	0,137
0,142	0,167	0,135
0,142	0,167	0,135
0,141	0,164	0,135
0,142	0,169	0,139
0,138	0,174	0,140
0,142	0,162	0,135
0,141	0,174	0,139
0,137	0,167	0,132
0,142	0,167	0,135
0,140	0,169	0,137
0,142	0,162	0,136
0,146	0,167	0,138
0,142	0,163	0,137
0,142	0,166	0,137
0,141	0,167	0,135
0,139	0,174	0,143
0,141	0,168	0,135
0,141	0,166	0,135
0,139	0,172	0,140
0,142	0,170	0,137
0,142	0,164	0,139
0,139	0,162	0,135
0,142	0,165	0,133
0,139	0,163	0,135
0,142	0,165	0,135
0,142	0,169	0,140
0,142	0,165	0,135
0,139	0,165	0,142
0,143	0,175	0,137
0,144	0,169	0,131
0,142	0,169	0,142
0,139	0,162	0,130
0,142	0,167	0,137
0,141	0,165	0,135
0,141	0,172	0,135
0,137	0,166	0,135
0,141	0,162	0,137
0,141	0,169	0,138
0,139	0,167	0,134
0,139	0,172	0,139
0,140	0,166	0,139
0,142	0,168	0,138
0,139	0,168	0,139
0,144	0,164	0,135
0,141	0,170	0,143
0,140	0,171	0,139
0,141	0,169	0,135
0,142	0,165	0,140
0,139	0,167	0,136
0,141	0,169	0,135
0,140	0,172	0,140
0,142	0,165	0,140
0,137	0,172	0,135
0,137	0,167	0,134
0,141	0,172	0,140
0,141	0,172	0,137
0,136	0,165	0,137
0,141	0,162	0,135
0,142	0,162	0,136
0,142	0,170	0,135
0,139	0,175	0,135
0,142	0,165	0,135
0,138	0,164	0,132
0,142	0,165	0,139
0,141	0,169	0,138
0,142	0,167	0,140
0,142	0,172	0,142
0,142	0,164	0,139
0,139	0,178	0,139
0,143	0,165	0,138
0,141	0,163	0,135
0,140	0,164	0,140
0,136	0,166	0,137
0,142	0,170	0,137
0,140	0,165	0,138
0,142	0,174	0,140
0,142	0,164	0,137
0,141	0,163	0,140
0,144	0,164	0,138
0,142	0,174	0,135
0,142	0,165	0,140
0,139	0,169	0,131
0,142	0,174	0,135
0,141	0,169	0,142
0,142	0,169	0,138
0,139	0,171	0,137
0,141	0,172	0,134
0,142	0,167	0,137
0,134	0,172	0,137
0,141	0,162	0,139
0,142	0,169	0,142
0,137	0,167	0,143
0,141	0,164	0,138
0,145	0,172	0,142
0,142	0,169	0,135
0,144	0,159	0,137
0,142	0,163	0,136
0,139	0,167	0,142
0,142	0,174	0,137
0,147	0,165	0,137
0,142	0,170	0,142
0,139	0,167	0,135
0,139	0,164	0,135
0,143	0,169	0,137
0,144	0,170	0,135
0,142	0,169	0,138
0,144	0,172	0,140
0,144	0,164	0,137
0,141	0,164	0,139
0,141	0,165	0,135
0,145	0,167	0,134
0,139	0,172	0,140
0,144	0,172	0,134
0,137	0,167	0,138
0,139	0,170	0,133
0,144	0,165	0,138
0,141	0,169	0,137
0,142	0,171	0,137
0,141	0,164	0,135
0,142	0,165	0,143
0,144	0,170	0,138
0,139	0,163	0,137
0,141	0,164	0,142
0,139	0,175	0,145
0,142	0,158	0,143
0,139	0,175	0,134
0,139	0,169	0,138
0,139	0,167	0,142
0,142	0,172	0,137
0,139	0,172	0,137
0,144	0,172	0,142
0,139	0,172	0,137
0,144	0,172	0,138
0,147	0,167	0,135
0,143	0,167	0,138
0,139	0,169	0,135
0,144	0,172	0,139
0,142	0,169	0,142
0,142	0,167	0,138
0,137	0,167	0,138
0,139	0,165	0,142
0,145	0,165	0,140
0,141	0,167	0,140
0,144	0,167	0,144
0,147	0,169	0,139
0,144	0,172	0,142
0,141	0,164	0,142
0,142	0,164	0,137
0,141	0,163	0,140
0,144	0,170	0,138
0,144	0,172	0,137
0,145	0,173	0,135
0,142	0,164	0,135
0,142	0,168	0,146
0,141	0,165	0,143
0,142	0,164	0,139
0,138	0,162	0,140
0,144	0,170	0,143
0,143	0,162	0,142
0,144	0,165	0,139
0,142	0,169	0,139
0,141	0,164	0,140
0,142	0,169	0,139
0,142	0,165	0,135
0,142	0,175	0,142
0,142	0,162	0,138
0,142	0,164	0,137
0,142	0,165	0,141
0,142	0,170	0,140
0,139	0,172	0,135
0,142	0,164	0,142
0,144	0,167	0,132
0,142	0,169	0,142
0,141	0,170	0,142
0,144	0,164	0,140
0,152	0,161	0,137
0,141	0,170	0,140
0,141	0,166	0,137
0,147	0,167	0,139
0,142	0,174	0,140
0,144	0,172	0,137
0,142	0,167	0,138
0,139	0,172	0,142
0,144	0,170	0,140
0,142	0,170	0,140
0,141	0,167	0,142
0,139	0,165	0,139
0,138	0,167	0,135
0,142	0,171	0,135
0,142	0,170	0,142
0,141	0,167	0,133
0,139	0,172	0,142
0,139	0,164	0,140
0,137	0,167	0,137
0,144	0,172	0,142
0,141	0,169	0,140
0,141	0,165	0,135
0,139	0,169	0,141
0,139	0,172	0,135
0,143	0,164	0,137
0,142	0,172	0,136
0,142	0,161	0,139
0,141	0,174	0,135
0,136	0,172	0,140
0,139	0,176	0,137
0,141	0,174	0,142
0,142	0,175	0,140
0,141	0,165	0,140
0,144	0,169	0,138
0,136	0,172	0,141
0,142	0,169	0,142
0,139	0,169	0,138
0,144	0,170	0,139
0,142	0,172	0,139
0,144	0,174	0,141
0,144	0,167	0,142
0,148	0,172	0,134
0,142	0,165	0,138
0,142	0,164	0,142
0,142	0,167	0,140
0,139	0,167	0,137
0,142	0,172	0,138
0,144	0,169	0,142
0,142	0,164	0,142
0,137	0,169	0,139
0,142	0,167	0,138
0,136	0,172	0,142
0,141	0,164	0,134
0,142	0,176	0,138
0,142	0,172	0,140
0,144	0,171	0,138
0,139	0,171	0,142
0,139	0,164	0,142
0,142	0,163	0,142
0,142	0,172	0,142
0,142	0,172	0,142
0,144	0,162	0,139
0,142	0,172	0,136
0,145	0,172	0,142
0,142	0,169	0,139
0,139	0,174	0,139
0,139	0,164	0,140
0,145	0,170	0,142
0,141	0,164	0,140
0,144	0,175	0,142
0,138	0,169	0,137
0,144	0,172	0,135
0,139	0,170	0,144
0,141	0,164	0,135
0,142	0,169	0,135
0,144	0,169	0,138
0,142	0,167	0,139
0,139	0,164	0,138
0,141	0,162	0,139
0,142	0,164	0,140
0,137	0,166	0,138
0,142	0,174	0,137
0,140	0,173	0,138
0,142	0,173	0,140
0,142	0,162	0,142
0,147	0,167	0,137
0,141	0,167	0,140
0,144	0,170	0,137
0,142	0,170	0,137
0,147	0,167	0,142
0,142	0,162	0,135
0,139	0,164	0,141
0,136	0,167	0,135
0,144	0,163	0,142
0,144	0,169	0,138
0,142	0,172	0,133
0,142	0,166	0,139
0,144	0,172	0,142
0,141	0,165	0,142
0,143	0,172	0,137
0,142	0,165	0,142
0,142	0,169	0,140
0,142	0,162	0,138
0,142	0,164	0,137
0,136	0,169	0,135
0,144	0,172	0,132
0,140	0,169	0,140
0,144	0,171	0,142
0,139	0,176	0,144
0,144	0,167	0,139
0,141	0,172	0,138
0,142	0,169	0,140
0,144	0,172	0,137
0,141	0,175	0,142
0,144	0,165	0,136
0,144	0,169	0,140
0,148	0,172	0,142
0,141	0,169	0,140
0,142	0,167	0,137
0,144	0,164	0,135
0,144	0,164	0,135
0,143	0,162	0,140
0,142	0,165	0,137
0,142	0,166	0,142
0,142	0,172	0,138
0,144	0,170	0,138
0,141	0,167	0,137
0,141	0,172	0,140
0,143	0,172	0,137
0,142	0,163	0,141
0,142	0,162	0,142
0,142	0,169	0,134
0,139	0,172	0,135
0,138	0,170	0,138
0,144	0,169	0,138
0,141	0,173	0,135
0,145	0,174	0,142
0,142	0,165	0,135
0,142	0,174	0,139
0,142	0,161	0,135
0,143	0,164	0,145
0,142	0,162	0,137
0,147	0,162	0,140
0,142	0,171	0,134
0,147	0,170	0,142
0,140	0,164	0,140
0,142	0,172	0,140
0,142	0,172	0,137
0,142	0,172	0,143
0,139	0,172	0,137
0,140	0,169	0,142
0,142	0,169	0,139
0,141	0,175	0,135
0,137	0,169	0,143
0,147	0,169	0,142
0,142	0,169	0,135
0,138	0,174	0,142
0,142	0,166	0,141
0,147	0,161	0,138
0,147	0,171	0,140
0,142	0,173	0,142
0,142	0,163	0,144
0,144	0,171	0,135
0,141	0,170	0,138
0,142	0,170	0,142
0,142	0,165	0,137
0,142	0,164	0,138
0,141	0,169	0,140
0,142	0,172	0,139
0,145	0,163	0,135
0,142	0,172	0,142
0,142	0,167	0,143
0,141	0,169	0,135
0,144	0,169	0,139
0,141	0,171	0,142
0,144	0,164	0,142
0,139	0,164	0,137
0,144	0,167	0,135
0,139	0,172	0,137
0,142	0,162	0,140
0,139	0,172	0,142
0,147	0,164	0,138
0,144	0,169	0,140
0,142	0,166	0,139
0,144	0,166	0,138
0,141	0,165	0,140
0,142	0,168	0,143
0,142	0,168	0,137
0,142	0,174	0,138
0,142	0,173	0,135
0,150	0,174	0,142
0,141	0,172	0,142
0,144	0,165	0,137
0,138	0,172	0,142
0,144	0,165	0,135
0,145	0,172	0,141
0,147	0,162	0,137
0,147	0,172	0,142
0,151	0,172	0,135
0,139	0,164	0,141
0,142	0,169	0,144
0,144	0,165	0,137
0,144	0,165	0,135
0,141	0,172	0,135
0,142	0,170	0,134
0,142	0,175	0,140
0,144	0,172	0,139
0,147	0,174	0,140
0,142	0,172	0,134
0,147	0,175	0,137
0,139	0,169	0,142
0,142	0,165	0,142
0,142	0,162	0,137
0,141	0,173	0,142
0,144	0,165	0,138
0,142	0,173	0,140
0,142	0,173	0,135
0,142	0,169	0,140
0,144	0,170	0,139
0,142	0,170	0,137
0,138	0,172	0,138
0,141	0,169	0,137
0,145	0,172	0,135
0,142	0,174	0,139
0,142	0,172	0,142
0,141	0,174	0,142
0,141	0,171	0,142
0,145	0,172	0,135
0,142	0,169	0,143
0,144	0,169	0,135
0,139	0,172	0,144
0,139	0,175	0,140
0,145	0,162	0,142
0,141	0,167	0,141
0,145	0,167	0,142
0,142	0,170	0,142
0,139	0,174	0,142
0,142	0,169	0,143
0,152	0,169	0,140
0,140	0,168	0,142
0,147	0,170	0,142
0,142	0,167	0,142
0,144	0,175	0,142
0,142	0,169	0,139
0,143	0,165	0,142
0,141	0,165	0,135
0,147	0,173	0,142
0,142	0,175	0,139
0,142	0,174	0,142
0,140	0,172	0,137
0,142	0,164	0,143
0,141	0,165	0,139
0,142	0,165	0,141
0,147	0,162	0,136
0,141	0,170	0,142
0,142	0,167	0,142
0,143	0,163	0,139
0,144	0,174	0,142
0,149	0,170	0,142
0,139	0,172	0,137
0,144	0,170	0,142
0,140	0,169	0,141
0,142	0,172	0,137
0,145	0,167	0,142
0,144	0,172	0,142
0,144	0,172	0,137
0,142	0,168	0,137
0,144	0,171	0,139
0,141	0,163	0,138
0,150	0,164	0,140
0,142	0,173	0,141
0,142	0,169	0,142
0,139	0,165	0,139
0,147	0,174	0,142
0,147	0,169	0,145
0,144	0,174	0,137
0,144	0,169	0,140
0,142	0,167	0,137
0,139	0,169	0,140
0,144	0,169	0,142
0,142	0,172	0,137
0,142	0,165	0,142
0,142	0,164	0,140
0,142	0,169	0,137
0,142	0,172	0,137
0,142	0,164	0,138
0,142	0,172	0,140
0,142	0,175	0,142
0,144	0,167	0,143
0,144	0,169	0,136
0,140	0,170	0,138
0,142	0,167	0,140
0,142	0,169	0,137
0,142	0,168	0,140
0,142	0,178	0,141
0,142	0,170	0,140
0,141	0,171	0,139
0,140	0,166	0,142
0,142	0,173	0,140
0,149	0,167	0,143
0,147	0,172	0,140
0,149	0,169	0,142
0,146	0,172	0,137
0,142	0,174	0,139
0,142	0,172	0,141
0,141	0,172	0,145
0,142	0,174	0,139
0,144	0,172	0,142
0,144	0,174	0,137
0,141	0,169	0,143
0,142	0,172	0,137
0,142	0,172	0,140
0,141	0,170	0,142
0,142	0,166	0,142
0,150	0,167	0,142
0,141	0,169	0,139
0,142	0,169	0,142
0,139	0,169	0,142
0,147	0,172	0,138
0,139	0,169	0,144
0,144	0,171	0,140
0,142	0,167	0,142
0,141	0,165	0,137
0,141	0,166	0,141
0,141	0,176	0,142
0,144	0,173	0,137
0,144	0,173	0,139
0,144	0,170	0,138
0,141	0,172	0,150
0,139	0,172	0,142
0,147	0,172	0,140
0,141	0,172	0,139
0,144	0,169	0,143
0,141	0,164	0,142
0,144	0,172	0,141
0,142	0,172	0,138
0,147	0,172	0,142
0,146	0,166	0,149
0,143	0,164	0,142
0,142	0,170	0,142
0,142	0,169	0,140
0,142	0,169	0,136
0,144	0,167	0,142
0,148	0,167	0,140
0,142	0,174	0,142
0,142	0,164	0,142
0,144	0,167	0,142
0,142	0,172	0,138
0,143	0,173	0,145
0,147	0,173	0,142
0,148	0,171	0,145
0,142	0,175	0,141
0,141	0,162	0,142
0,141	0,175	0,141
0,141	0,173	0,142
0,142	0,165	0,142
0,142	0,175	0,143
0,147	0,169	0,142
0,141	0,172	0,142
0,142	0,174	0,143
0,143	0,165	0,140
0,142	0,169	0,144
0,142	0,167	0,142
0,144	0,169	0,137
0,142	0,170	0,142
0,146	0,170	0,142
0,147	0,169	0,142
0,146	0,172	0,138
0,149	0,172	0,142
0,147	0,167	0,142
0,141	0,172	0,139
0,149	0,175	0,142
0,145	0,172	0,139
0,141	0,172	0,139
0,149	0,166	0,142
0,141	0,174	0,143
0,142	0,173	0,145
0,143	0,174	0,142
0,141	0,170	0,140
0,145	0,173	0,141
0,142	0,175	0,141
0,142	0,172	0,142
0,147	0,172	0,143
0,144	0,172	0,144
0,144	0,175	0,140
0,144	0,169	0,142
0,147	0,165	0,142
0,142	0,175	0,142
0,142	0,169	0,142
0,142	0,166	0,143
0,147	0,169	0,140
0,144	0,167	0,142
0,142	0,172	0,142
0,144	0,172	0,139
0,141	0,164	0,143
0,146	0,170	0,140
0,143	0,174	0,140
0,142	0,174	0,140
0,142	0,169	0,139
0,147	0,169	0,142
0,142	0,172	0,142
0,141	0,169	0,147
0,147	0,166	0,142
0,142	0,168	0,142
0,147	0,170	0,142
0,144	0,169	0,147
0,144	0,172	0,142
0,142	0,172	0,145
0,142	0,170	0,141
0,144	0,172	0,142
0,149	0,172	0,144
0,144	0,169	0,147
0,141	0,172	0,144
0,148	0,169	0,143
0,141	0,175	0,139
0,144	0,175	0,140
0,141	0,167	0,135
0,147	0,167	0,138
0,143	0,169	0,142
0,144	0,175	0,135
0,144	0,167	0,135
0,142	0,175	0,140
0,142	0,172	0,146
0,141	0,169	0,139
0,142	0,172	0,142
0,143	0,167	0,139
0,147	0,172	0,142
0,144	0,172	0,142
0,141	0,174	0,147
0,150	0,170	0,140
0,144	0,172	0,142
0,142	0,174	0,145
0,147	0,175	0,148
0,144	0,169	0,142
0,144	0,170	0,142
0,142	0,169	0,142
0,152	0,172	0,140
0,143	0,174	0,140
0,144	0,169	0,145
0,142	0,172	0,142
0,144	0,172	0,140
0,146	0,174	0,143
0,141	0,172	0,142
0,144	0,171	0,142
0,144	0,172	0,142
0,144	0,171	0,144
0,147	0,172	0,143
0,139	0,172	0,142
0,150	0,174	0,139
0,144	0,178	0,142
0,142	0,172	0,141
0,142	0,169	0,143
0,144	0,169	0,142
0,144	0,172	0,142
0,145	0,175	0,137
0,144	0,169	0,150
0,144	0,172	0,138
0,144	0,168	0,142
0,144	0,175	0,147
0,142	0,176	0,142
0,147	0,168	0,143
0,142	0,165	0,142
0,144	0,171	0,144
0,149	0,170	0,139
0,139	0,170	0,142
0,139	0,167	0,141
0,142	0,170	0,142
0,142	0,166	0,140
0,147	0,174	0,143
0,146	0,174	0,141
0,146	0,173	0,148
0,145	0,167	0,142
0,141	0,172	0,140
0,142	0,164	0,142
0,144	0,174	0,146
0,144	0,167	0,140
0,144	0,174	0,142
0,147	0,169	0,137
0,142	0,164	0,137
0,144	0,172	0,145
0,142	0,172	0,142
0,141	0,174	0,145
0,147	0,174	0,139
0,141	0,171	0,142
0,142	0,165	0,144
0,142	0,173	0,145
0,144	0,174	0,140
0,144	0,172	0,143
0,143	0,168	0,140
0,144	0,170	0,145
0,144	0,170	0,140
0,144	0,172	0,143
0,144	0,175	0,144
0,149	0,175	0,142
0,154	0,163	0,140
0,143	0,174	0,145
0,144	0,175	0,142
0,144	0,171	0,139
0,144	0,175	0,144
0,144	0,172	0,142
0,142	0,164	0,142
0,149	0,172	0,147
0,142	0,167	0,142
0,142	0,171	0,143
0,150	0,174	0,145
0,140	0,175	0,145
0,147	0,174	0,140
0,141	0,175	0,138
0,144	0,172	0,143
0,142	0,169	0,140
0,147	0,173	0,137
0,146	0,164	0,137
0,145	0,170	0,145
0,149	0,176	0,145
0,150	0,171	0,142
0,142	0,180	0,142
0,147	0,174	0,145
0,144	0,172	0,143
0,142	0,172	0,135
0,144	0,175	0,140
0,141	0,172	0,142
0,142	0,174	0,142
0,141	0,170	0,141
0,144	0,167	0,140
0,145	0,169	0,142
0,144	0,175	0,142
0,144	0,164	0,141
0,142	0,172	0,142
0,147	0,169	0,142
0,143	0,169	0,142
0,142	0,172	0,139
0,142	0,172	0,142
0,147	0,172	0,140
0,144	0,175	0,142
0,143	0,172	0,142
0,141	0,174	0,140
0,145	0,169	0,142
0,142	0,174	0,142
0,142	0,165	0,138
0,144	0,177	0,140
0,146	0,166	0,140
0,143	0,173	0,142
0,142	0,176	0,144
0,147	0,171	0,142
0,147	0,170	0,137
0,144	0,175	0,140
0,145	0,169	0,143
0,141	0,172	0,142
0,146	0,175	0,139
0,142	0,172	0,144
0,147	0,169	0,138
0,142	0,172	0,142
0,141	0,169	0,141
0,146	0,167	0,142
0,141	0,170	0,137
0,147	0,169	0,143
0,139	0,172	0,142
0,142	0,175	0,139
0,148	0,173	0,142
0,147	0,172	0,141
0,147	0,172	0,140
0,149	0,175	0,143
0,149	0,169	0,142
0,142	0,169	0,142
0,141	0,169	0,139
0,141	0,168	0,140
0,141	0,164	0,140
0,144	0,173	0,144
0,141	0,175	0,142
0,144	0,173	0,141
0,145	0,167	0,137
0,147	0,167	0,141
0,144	0,174	0,139
0,141	0,169	0,140
0,147	0,172	0,141
0,141	0,174	0,142
0,141	0,169	0,142
0,148	0,172	0,142
0,144	0,167	0,140
0,142	0,167	0,146
0,144	0,174	0,145
0,142	0,174	0,142
0,145	0,172	0,147
0,152	0,167	0,142
0,147	0,175	0,143
0,142	0,172	0,142
0,142	0,172	0,142
0,147	0,174	0,137
0,149	0,177	0,141
0,142	0,174	0,142
0,147	0,169	0,135
0,149	0,174	0,142
0,149	0,170	0,139
0,141	0,181	0,143
0,142	0,179	0,142
0,146	0,171	0,142
0,147	0,176	0,145
0,149	0,174	0,139
0,142	0,172	0,142
0,144	0,175	0,147
0,149	0,175	0,140
0,144	0,165	0,142
0,141	0,172	0,141
0,150	0,177	0,142
0,149	0,164	0,144
0,144	0,167	0,139
0,143	0,172	0,139
0,145	0,172	0,140
0,142	0,171	0,142
0,152	0,169	0,142
0,146	0,174	0,138
0,145	0,175	0,142
0,147	0,175	0,143
0,147	0,175	0,139
0,142	0,182	0,142
0,147	0,175	0,145
0,144	0,172	0,137
0,147	0,174	0,142
0,148	0,175	0,142
0,144	0,169	0,144
0,144	0,178	0,142
0,142	0,172	0,145
0,149	0,167	0,139
0,143	0,171	0,144
0,144	0,174	0,142
0,147	0,172	0,145
0,141	0,172	0,141
0,142	0,174	0,139
0,141	0,175	0,142
0,146	0,172	0,142
0,141	0,175	0,141
0,147	0,175	0,143
0,147	0,175	0,138
0,147	0,174	0,142
0,149	0,174	0,142
0,145	0,174	0,146
0,144	0,172	0,142
0,144	0,169	0,142
0,147	0,174	0,142
0,144	0,172	0,145
0,148	0,172	0,143
0,147	0,171	0,142
0,144	0,177	0,142
0,141	0,169	0,142
0,147	0,174	0,139
0,144	0,175	0,144
0,142	0,168	0,142
0,145	0,170	0,142
0,145	0,172	0,142
0,141	0,173	0,141
0,144	0,171	0,140
0,141	0,175	0,137
0,150	0,167	0,140
0,142	0,165	0,139
0,142	0,172	0,139
0,147	0,174	0,143
0,144	0,165	0,140
0,144	0,170	0,142
0,142	0,169	0,143
0,144	0,172	0,144
0,149	0,175	0,145
0,144	0,175	0,137
0,147	0,174	0,142
0,147	0,174	0,138
0,148	0,175	0,142
0,144	0,170	0,142
0,147	0,172	0,147
0,144	0,167	0,140
0,144	0,172	0,138
0,139	0,174	0,140
0,141	0,172	0,137
0,147	0,172	0,142
0,144	0,175	0,144
0,142	0,171	0,141
0,140	0,176	0,138
0,142	0,175	0,144
0,148	0,171	0,139
0,144	0,181	0,144
0,144	0,174	0,144
0,142	0,175	0,142
0,149	0,174	0,153
0,141	0,172	0,142
0,147	0,172	0,142
0,139	0,175	0,139
0,146	0,170	0,145
0,141	0,175	0,142
0,147	0,175	0,142
0,142	0,172	0,146
0,147	0,174	0,145
0,142	0,174	0,143
0,144	0,174	0,145
0,146	0,177	0,142
0,147	0,169	0,142
0,151	0,174	0,150
0,149	0,170	0,145
0,144	0,174	0,144
0,149	0,175	0,147
0,150	0,174	0,138
0,143	0,174	0,140
0,147	0,172	0,145
0,147	0,171	0,142
0,149	0,176	0,139
0,152	0,168	0,139
0,138	0,171	0,142
0,149	0,176	0,142
0,147	0,171	0,142
0,147	0,175	0,140
0,141	0,175	0,142
0,152	0,175	0,147
0,141	0,175	0,142
0,150	0,169	0,142
0,144	0,175	0,143
0,144	0,172	0,142
0,146	0,175	0,142
0,142	0,164	0,140
0,150	0,175	0,150
0,142	0,172	0,146
0,149	0,174	0,142
0,144	0,172	0,142
0,147	0,175	0,142
0,149	0,171	0,147
0,141	0,174	0,142
0,141	0,174	0,142
0,147	0,166	0,142
0,147	0,174	0,142
0,144	0,175	0,143
0,142	0,172	0,143
0,144	0,172	0,144
0,147	0,173	0,142
0,150	0,175	0,147
0,147	0,175	0,143
0,142	0,179	0,138
0,143	0,175	0,142
0,142	0,175	0,145
0,142	0,172	0,140
0,150	0,172	0,143
0,147	0,172	0,145
0,149	0,175	0,142
0,144	0,175	0,145
0,143	0,169	0,143
0,149	0,174	0,145
0,144	0,175	0,142
0,144	0,169	0,142
0,142	0,169	0,142
0,140	0,172	0,146
0,149	0,172	0,139
0,142	0,172	0,145
0,147	0,175	0,145
0,147	0,170	0,142
0,143	0,172	0,141
0,149	0,166	0,142
0,145	0,174	0,142
0,147	0,169	0,145
0,142	0,171	0,138
0,147	0,171	0,140
0,142	0,175	0,139
0,153	0,176	0,142
0,142	0,174	0,144
0,141	0,167	0,143
0,147	0,174	0,135
0,144	0,174	0,146
0,143	0,175	0,142
0,147	0,174	0,142
0,142	0,174	0,144
0,149	0,169	0,147
0,142	0,175	0,142
0,147	0,172	0,143
0,149	0,172	0,144
0,147	0,172	0,143
0,146	0,175	0,142
0,144	0,172	0,147
0,150	0,175	0,142
0,147	0,169	0,140
0,153	0,177	0,143
0,142	0,175	0,147
0,147	0,172	0,144
0,139	0,167	0,142
0,147	0,175	0,147
0,140	0,172	0,144
0,146	0,175	0,141
0,144	0,171	0,149
0,147	0,167	0,142
0,141	0,176	0,148
0,141	0,176	0,145
0,147	0,173	0,150
0,151	0,178	0,145
0,144	0,174	0,142
0,144	0,172	0,146
0,149	0,172	0,143
0,149	0,172	0,142
0,143	0,174	0,142
0,144	0,172	0,143
0,142	0,169	0,142
0,141	0,174	0,145
0,147	0,171	0,142
0,147	0,172	0,142
0,147	0,174	0,142
0,146	0,174	0,142
0,147	0,174	0,142
0,147	0,172	0,142
0,142	0,173	0,145
0,149	0,172	0,142
0,145	0,175	0,142
0,147	0,180	0,142
0,145	0,172	0,145
0,149	0,177	0,144
0,142	0,175	0,144
0,141	0,179	0,142
0,154	0,169	0,142
0,147	0,175	0,142
0,147	0,176	0,138
0,150	0,170	0,145
0,144	0,176	0,142
0,144	0,177	0,142
0,145	0,172	0,150
0,154	0,175	0,148
0,144	0,174	0,140
0,147	0,175	0,144
0,144	0,172	0,137
0,147	0,172	0,142
0,144	0,172	0,146
0,152	0,172	0,142
0,147	0,175	0,142
0,141	0,172	0,145
0,140	0,174	0,140
0,144	0,172	0,142
0,155	0,172	0,144
0,144	0,172	0,137
0,149	0,175	0,142
0,149	0,175	0,144
0,144	0,172	0,145
0,141	0,175	0,147
0,149	0,175	0,142
0,147	0,169	0,142
0,144	0,174	0,141
0,147	0,170	0,150
0,147	0,170	0,144
0,144	0,176	0,142
0,144	0,169	0,142
0,145	0,175	0,143
0,149	0,172	0,142
0,142	0,170	0,145
0,144	0,175	0,142
0,146	0,172	0,139
0,149	0,175	0,147
0,147	0,177	0,142
0,144	0,169	0,142
0,154	0,172	0,142
0,142	0,174	0,143
0,144	0,169	0,140
0,152	0,174	0,145
0,154	0,175	0,149
0,142	0,175	0,141
0,144	0,174	0,141
0,147	0,175	0,150
0,141	0,175	0,142
0,150	0,172	0,142
0,144	0,172	0,144
0,144	0,174	0,145
0,151	0,172	0,147
0,148	0,167	0,145
0,149	0,174	0,144
0,147	0,172	0,137
0,141	0,181	0,142
0,144	0,172	0,142
0,145	0,175	0,142
0,149	0,176	0,147
0,144	0,174	0,146
0,141	0,172	0,145
0,144	0,172	0,147
0,141	0,172	0,142
0,144	0,174	0,147
0,147	0,175	0,143
0,149	0,175	0,145
0,147	0,175	0,149
0,149	0,175	0,142
0,149	0,174	0,140
0,150	0,174	0,143
0,147	0,169	0,147
0,145	0,177	0,142
0,144	0,174	0,142
0,149	0,172	0,142
0,140	0,175	0,145
0,149	0,177	0,142
0,147	0,167	0,145
0,145	0,172	0,147
0,144	0,175	0,146
0,141	0,175	0,142
0,147	0,175	0,142
0,143	0,175	0,150
0,144	0,172	0,142
0,147	0,171	0,146
0,144	0,175	0,145
0,152	0,171	0,142
0,143	0,174	0,139
0,144	0,170	0,142
0,149	0,175	0,142
0,144	0,177	0,143
0,147	0,174	0,150
0,152	0,175	0,145
0,142	0,174	0,145
0,153	0,175	0,147
0,144	0,174	0,142
0,154	0,169	0,142
0,142	0,174	0,144
0,149	0,174	0,148
0,145	0,180	0,145
0,147	0,164	0,140
0,147	0,172	0,142
0,147	0,174	0,150
0,147	0,172	0,142
0,145	0,169	0,147
0,152	0,174	0,147
0,151	0,169	0,142
0,147	0,177	0,145
0,147	0,172	0,150
0,141	0,175	0,142
0,151	0,174	0,142
0,151	0,176	0,142
0,154	0,166	0,143
0,147	0,175	0,145
0,149	0,174	0,149
0,147	0,175	0,140
0,149	0,172	0,147
0,149	0,175	0,144
0,147	0,175	0,142
0,141	0,175	0,142
0,142	0,170	0,142
0,144	0,170	0,138
0,147	0,167	0,142
0,150	0,175	0,142
0,149	0,174	0,147
0,149	0,172	0,142
0,147	0,175	0,145
0,147	0,175	0,148
0,153	0,172	0,142
0,144	0,174	0,142
0,142	0,175	0,142
0,147	0,174	0,141
0,141	0,177	0,145
0,145	0,174	0,147
0,149	0,175	0,147
0,145	0,174	0,144
0,147	0,174	0,143
0,144	0,176	0,142
0,149	0,172	0,142
0,149	0,177	0,145
0,151	0,176	0,145
0,144	0,173	0,144
0,147	0,175	0,145
0,142	0,174	0,144
0,142	0,172	0,142
0,147	0,175	0,142
0,152	0,174	0,140
0,149	0,175	0,145
0,147	0,175	0,147
0,152	0,175	0,147
0,146	0,177	0,142
0,147	0,174	0,145
0,148	0,172	0,142
0,147	0,174	0,144
0,149	0,174	0,142
0,149	0,174	0,145
0,152	0,174	0,142
0,149	0,175	0,144
0,149	0,174	0,145
0,149	0,175	0,143
0,144	0,175	0,142
0,150	0,172	0,148
0,143	0,175	0,142
0,154	0,175	0,147
0,147	0,171	0,151
0,149	0,170	0,143
0,141	0,175	0,142
0,141	0,172	0,142
0,144	0,175	0,144
0,145	0,173	0,145
0,144	0,167	0,147
0,147	0,175	0,147
0,152	0,175	0,143
0,144	0,175	0,142
0,150	0,172	0,143
0,147	0,175	0,147
0,139	0,175	0,145
0,152	0,172	0,142
0,147	0,174	0,152
0,144	0,174	0,142
0,147	0,175	0,142
0,150	0,177	0,147
0,144	0,170	0,142
0,144	0,172	0,149
0,152	0,172	0,142
0,147	0,174	0,145
0,150	0,175	0,143
0,141	0,175	0,142
0,147	0,174	0,144
0,144	0,175	0,150
0,144	0,169	0,142
0,151	0,174	0,142
0,147	0,176	0,140
0,150	0,174	0,142
0,149	0,175	0,142
0,147	0,174	0,147
0,146	0,178	0,142
0,147	0,170	0,141
0,148	0,175	0,142
0,142	0,175	0,142
0,144	0,174	0,138
0,144	0,174	0,147
0,149	0,174	0,145
0,149	0,174	0,142
0,147	0,174	0,143
0,152	0,172	0,143
0,144	0,177	0,143
0,149	0,175	0,147
0,151	0,175	0,147
0,149	0,175	0,144
0,147	0,175	0,144
0,147	0,172	0,141
0,146	0,174	0,148
0,147	0,175	0,142
0,144	0,175	0,144
0,144	0,175	0,145
0,144	0,173	0,145
0,147	0,170	0,142
0,144	0,176	0,139
0,146	0,173	0,145
0,148	0,171	0,142
0,149	0,176	0,143
0,152	0,174	0,142
0,147	0,175	0,150
0,150	0,175	0,144
0,139	0,177	0,142
0,150	0,174	0,142
0,152	0,172	0,145
0,149	0,177	0,142
0,147	0,174	0,145
0,154	0,182	0,143
0,147	0,172	0,147
0,148	0,174	0,147
0,152	0,175	0,142
0,147	0,175	0,145
0,144	0,177	0,146
0,144	0,175	0,150
0,152	0,177	0,144
0,147	0,174	0,147
0,145	0,171	0,140
0,152	0,174	0,143
0,149	0,174	0,147
0,147	0,174	0,144
0,147	0,176	0,142
0,152	0,172	0,142
0,142	0,176	0,149
0,147	0,176	0,147
0,142	0,175	0,145
0,147	0,175	0,149
0,158	0,167	0,143
0,144	0,174	0,150
0,139	0,174	0,145
0,147	0,174	0,150
0,152	0,177	0,144
0,140	0,175	0,144
0,141	0,172	0,142
0,146	0,174	0,144
0,147	0,175	0,143
0,147	0,175	0,144
0,154	0,170	0,150
0,144	0,174	0,142
0,151	0,179	0,144
0,149	0,174	0,150
0,149	0,180	0,143
0,144	0,172	0,145
0,149	0,174	0,150
0,145	0,175	0,147
0,152	0,174	0,142
0,147	0,174	0,149
0,154	0,167	0,147
0,149	0,177	0,147
0,149	0,173	0,147
0,144	0,168	0,147
0,149	0,178	0,148
0,155	0,179	0,147
0,149	0,175	0,142
0,152	0,175	0,150
0,149	0,175	0,142
0,145	0,172	0,148
0,147	0,174	0,144
0,149	0,174	0,144
0,149	0,169	0,147
0,147	0,177	0,152
0,148	0,174	0,153
0,149	0,174	0,147
0,142	0,174	0,150
0,147	0,179	0,150
0,144	0,177	0,146
0,149	0,180	0,147
0,147	0,175	0,150
0,145	0,175	0,142
0,155	0,174	0,145
0,147	0,172	0,144
0,152	0,172	0,142
0,144	0,174	0,142
0,153	0,177	0,142
0,141	0,171	0,145
0,150	0,175	0,150
0,157	0,170	0,142
0,149	0,173	0,145
0,150	0,176	0,147
0,149	0,174	0,147
0,152	0,175	0,147
0,150	0,178	0,147
0,149	0,172	0,150
0,149	0,178	0,145
0,152	0,175	0,145
0,151	0,172	0,147
0,149	0,174	0,145
0,159	0,172	0,147
0,149	0,174	0,139
0,152	0,174	0,147
0,144	0,177	0,144
0,154	0,177	0,147
0,152	0,172	0,145
0,149	0,177	0,143
0,155	0,172	0,147
0,152	0,175	0,142
0,147	0,174	0,150
0,153	0,177	0,149
0,149	0,177	0,148
0,152	0,175	0,144
0,146	0,172	0,144
0,154	0,177	0,150
0,144	0,171	0,142
0,152	0,165	0,143
0,149	0,175	0,145
0,147	0,173	0,147
0,147	0,172	0,145
0,148	0,175	0,147
0,149	0,175	0,150
0,151	0,177	0,150
0,152	0,177	0,147
0,147	0,175	0,150
0,146	0,175	0,145
0,154	0,177	0,145
0,148	0,174	0,150
0,152	0,169	0,147
0,142	0,172	0,150
0,149	0,174	0,149
0,156	0,172	0,150
0,150	0,174	0,152
0,149	0,175	0,142
0,152	0,175	0,149
0,147	0,178	0,150
0,152	0,175	0,150
0,150	0,174	0,150
0,149	0,177	0,145
0,150	0,175	0,148
0,147	0,179	0,150
0,144	0,171	0,152
0,152	0,176	0,147
0,146	0,174	0,149
0,148	0,177	0,143
0,147	0,176	0,144
0,142	0,177	0,145
0,149	0,178	0,150
0,152	0,169	0,147
0,152	0,180	0,149
0,147	0,172	0,150
0,152	0,175	0,147
0,149	0,170	0,150
0,152	0,175	0,147
0,146	0,175	0,150
0,147	0,174	0,147
0,151	0,166	0,147
0,152	0,175	0,145
0,152	0,172	0,144
0,149	0,174	0,147
0,152	0,174	0,153
0,154	0,175	0,150
0,154	0,177	0,147
0,144	0,175	0,149
0,147	0,172	0,147
0,147	0,175	0,147
0,145	0,175	0,146
0,152	0,175	0,144
0,148	0,182	0,150
0,154	0,173	0,150
0,147	0,170	0,149
0,147	0,179	0,147
0,146	0,186	0,141
0,156	0,173	0,143
0,149	0,181	0,152
0,150	0,174	0,142
0,149	0,175	0,147
0,152	0,175	0,145
0,144	0,177	0,142
0,147	0,175	0,149
0,152	0,177	0,145
0,150	0,177	0,142
0,149	0,172	0,151
0,147	0,176	0,142
0,146	0,177	0,145
0,158	0,175	0,145
0,147	0,174	0,144
0,150	0,172	0,151
0,149	0,174	0,142
0,149	0,175	0,147
0,155	0,178	0,147
0,149	0,177	0,146
0,152	0,174	0,145
0,157	0,172	0,142
0,149	0,174	0,150
0,150	0,172	0,142
0,147	0,175	0,147
0,147	0,172	0,142
0,149	0,174	0,142
0,144	0,176	0,145
0,154	0,180	0,150
0,154	0,179	0,143
0,163	0,172	0,142
0,149	0,175	0,147
0,152	0,172	0,145
0,147	0,174	0,139
0,154	0,175	0,147
0,152	0,175	0,147
0,152	0,174	0,145
0,157	0,175	0,144
0,149	0,175	0,142
0,152	0,174	0,149
0,157	0,174	0,142
0,154	0,180	0,144
0,150	0,174	0,150
0,147	0,177	0,145
0,142	0,175	0,147
0,141	0,175	0,142
0,144	0,178	0,145
0,145	0,172	0,142
0,141	0,175	0,148
0,151	0,174	0,142
0,150	0,172	0,149
0,152	0,172	0,144
0,149	0,173	0,150
0,154	0,176	0,140
0,148	0,178	0,142
0,149	0,176	0,145
0,147	0,172	0,147
0,149	0,179	0,145
0,157	0,177	0,140
0,150	0,175	0,150
0,152	0,175	0,147
0,147	0,170	0,147
0,147	0,172	0,146
0,152	0,177	0,147
0,147	0,178	0,150
0,152	0,175	0,147
0,149	0,174	0,143
0,150	0,179	0,150
0,154	0,180	0,145
0,147	0,180	0,150
0,151	0,175	0,147
0,150	0,169	0,148
0,154	0,178	0,142
0,150	0,175	0,147
0,149	0,174	0,144
0,144	0,175	0,150
0,146	0,174	0,143
0,154	0,177	0,145
0,150	0,175	0,145
0,150	0,179	0,150
0,149	0,176	0,144
0,150	0,174	0,144
0,144	0,173	0,152
0,160	0,176	0,142
0,144	0,173	0,143
0,144	0,183	0,145
0,154	0,182	0,151
0,147	0,178	0,150
0,156	0,177	0,147
0,144	0,174	0,147
0,149	0,174	0,142
0,149	0,177	0,145
0,149	0,175	0,150
0,154	0,174	0,150
0,151	0,174	0,142
0,150	0,172	0,149
0,144	0,179	0,150
0,154	0,174	0,147
0,149	0,174	0,147
0,147	0,175	0,142
0,158	0,173	0,145
0,149	0,174	0,145
0,155	0,174	0,142
0,149	0,177	0,145
0,149	0,180	0,143
0,149	0,174	0,153
0,146	0,174	0,145
0,146	0,173	0,147
0,150	0,171	0,142
0,152	0,178	0,150
0,149	0,184	0,147
0,147	0,172	0,149
0,146	0,175	0,150
0,144	0,172	0,147
0,150	0,175	0,146
0,154	0,174	0,145
0,147	0,177	0,142
0,148	0,174	0,143
0,149	0,175	0,143
0,145	0,175	0,144
0,147	0,180	0,147
0,152	0,177	0,145
0,149	0,172	0,145
0,149	0,174	0,149
0,146	0,180	0,145
0,144	0,180	0,145
0,144	0,177	0,144
0,152	0,175	0,144
0,147	0,180	0,142
0,150	0,175	0,147
0,154	0,174	0,142
0,147	0,174	0,150
0,147	0,179	0,149
0,144	0,175	0,155
0,150	0,174	0,147
0,154	0,174	0,150
0,150	0,177	0,145
0,147	0,175	0,143
0,142	0,174	0,142
0,147	0,180	0,150
0,147	0,172	0,150
0,152	0,180	0,147
0,154	0,175	0,147
0,152	0,175	0,145
0,149	0,180	0,144
0,149	0,177	0,147
0,151	0,177	0,144
0,154	0,174	0,142
0,150	0,179	0,150
0,150	0,175	0,147
0,152	0,177	0,145
0,154	0,177	0,148
0,154	0,175	0,151
0,150	0,182	0,149
0,149	0,170	0,150
0,152	0,177	0,142
0,147	0,172	0,153
0,151	0,179	0,145
0,145	0,175	0,145
0,154	0,174	0,145
0,155	0,180	0,149
0,152	0,173	0,151
0,154	0,172	0,142
0,143	0,177	0,147
0,149	0,179	0,142
0,151	0,173	0,144
0,150	0,178	0,149
0,150	0,174	0,147
0,147	0,175	0,147
0,149	0,177	0,142
0,151	0,171	0,144
0,149	0,180	0,145
0,147	0,174	0,144
0,149	0,180	0,150
0,157	0,177	0,147
0,146	0,179	0,147
0,147	0,179	0,147
0,147	0,180	0,142
0,149	0,175	0,147
0,152	0,177	0,150
0,146	0,177	0,148
0,154	0,174	0,144
0,151	0,174	0,150
0,144	0,177	0,148
0,147	0,175	0,150
0,154	0,175	0,147
0,157	0,177	0,150
0,151	0,177	0,142
0,147	0,173	0,142
0,156	0,171	0,145
0,147	0,178	0,152
0,152	0,184	0,149
0,147	0,178	0,149
0,149	0,175	0,149
0,153	0,182	0,145
0,147	0,174	0,145
0,147	0,174	0,149
0,149	0,179	0,142
0,149	0,175	0,149
0,155	0,174	0,151
0,159	0,177	0,142
0,160	0,171	0,150
0,149	0,177	0,145
0,149	0,175	0,149
0,153	0,175	0,145
0,144	0,179	0,145
0,155	0,177	0,147
0,152	0,177	0,150
0,149	0,175	0,145
0,149	0,175	0,147
0,154	0,180	0,144
0,155	0,179	0,147
0,147	0,174	0,149
0,150	0,177	0,146
0,147	0,174	0,145
0,154	0,172	0,147
0,155	0,174	0,153
0,147	0,171	0,144
0,150	0,178	0,143
0,147	0,173	0,145
0,149	0,175	0,147
0,157	0,169	0,150
0,152	0,177	0,148
0,153	0,177	0,150
0,145	0,177	0,145
0,152	0,177	0,152
0,152	0,177	0,154
0,150	0,175	0,151
0,142	0,179	0,147
0,152	0,176	0,150
0,146	0,174	0,155
0,149	0,180	0,149
0,154	0,174	0,147
0,144	0,180	0,150
0,144	0,182	0,145
0,145	0,177	0,150
0,155	0,175	0,145
0,159	0,174	0,150
0,152	0,179	0,150
0,154	0,180	0,142
0,152	0,175	0,149
0,152	0,177	0,148
0,152	0,173	0,150
0,152	0,172	0,146
0,147	0,177	0,142
0,148	0,176	0,150
0,154	0,173	0,146
0,146	0,181	0,150
0,154	0,179	0,150
0,147	0,178	0,150
0,149	0,175	0,148
0,154	0,177	0,148
0,153	0,175	0,150
0,152	0,179	0,150
0,149	0,177	0,150
0,149	0,172	0,149
0,152	0,173	0,145
0,149	0,175	0,150
0,149	0,174	0,144
0,152	0,177	0,147
0,147	0,177	0,151
0,152	0,174	0,150
0,147	0,172	0,149
0,147	0,180	0,155
0,152	0,184	0,150
0,152	0,174	0,146
0,149	0,184	0,147
0,154	0,174	0,150
0,147	0,179	0,150
0,153	0,173	0,151
0,154	0,175	0,144
0,157	0,175	0,145
0,152	0,179	0,144
0,156	0,175	0,147
0,149	0,178	0,150
0,149	0,175	0,150
0,155	0,180	0,142
0,150	0,177	0,148
0,154	0,174	0,150
0,154	0,175	0,144
0,147	0,175	0,150
0,148	0,180	0,150
0,154	0,177	0,148
0,150	0,179	0,146
0,156	0,180	0,150
0,154	0,177	0,145
0,149	0,175	0,147
0,154	0,177	0,144
0,146	0,174	0,150
0,149	0,175	0,145
0,157	0,177	0,147
0,146	0,183	0,155
0,154	0,175	0,145
0,153	0,175	0,148
0,157	0,174	0,152
0,149	0,174	0,150
0,144	0,175	0,150
0,154	0,170	0,142
0,159	0,173	0,152
0,154	0,178	0,142
0,147	0,179	0,152
0,152	0,178	0,152
0,154	0,176	0,145
0,143	0,175	0,148
0,152	0,175	0,155
0,147	0,177	0,150
0,152	0,177	0,144
0,149	0,174	0,150
0,154	0,177	0,150
0,154	0,177	0,144
0,148	0,177	0,147
0,152	0,174	0,147
0,152	0,175	0,152
0,152	0,177	0,145
0,150	0,175	0,150
0,149	0,180	0,150
0,154	0,175	0,143
0,150	0,177	0,146
0,152	0,178	0,150
0,147	0,174	0,150
0,154	0,174	0,149
0,150	0,174	0,149
0,148	0,174	0,150
0,147	0,185	0,150
0,152	0,171	0,152
0,152	0,185	0,150
0,156	0,178	0,146
0,155	0,186	0,150
0,154	0,176	0,150
0,152	0,182	0,145
0,149	0,175	0,149
0,149	0,177	0,150
0,151	0,174	0,149
0,144	0,180	0,144
0,155	0,177	0,150
0,149	0,175	0,146
0,149	0,180	0,147
0,149	0,174	0,149
0,141	0,175	0,149
0,148	0,174	0,147
0,149	0,176	0,147
0,157	0,175	0,150
0,149	0,177	0,149
0,149	0,183	0,150
0,148	0,177	0,150
0,149	0,180	0,143
0,146	0,182	0,150
0,152	0,177	0,147
0,154	0,177	0,148
0,152	0,175	0,152
0,149	0,175	0,151
0,151	0,173	0,152
0,149	0,174	0,152
0,154	0,178	0,147
0,154	0,173	0,156
0,152	0,176	0,149
0,147	0,180	0,147
0,157	0,175	0,155
0,152	0,174	0,150
0,152	0,174	0,151
0,154	0,180	0,150
0,151	0,175	0,152
0,159	0,177	0,147
0,154	0,177	0,145
0,147	0,179	0,149
0,149	0,174	0,150
0,152	0,177	0,144
0,151	0,178	0,148
0,148	0,174	0,146
0,154	0,177	0,145
0,152	0,174	0,150
0,155	0,177	0,150
0,154	0,180	0,152
0,156	0,175	0,150
0,147	0,180	0,152
0,155	0,174	0,147
0,152	0,176	0,144
0,150	0,180	0,150
0,149	0,178	0,150
0,159	0,175	0,150
0,152	0,176	0,150
0,154	0,179	0,150
0,159	0,175	0,147
0,157	0,182	0,149
0,154	0,177	0,150
0,154	0,175	0,150
0,152	0,180	0,145
0,152	0,180	0,146
0,149	0,177	0,147
0,149	0,175	0,149
0,146	0,177	0,149
0,149	0,177	0,146
0,152	0,177	0,148
0,152	0,177	0,145
0,149	0,182	0,149
0,154	0,172	0,150
0,154	0,177	0,147
0,157	0,174	0,152
0,152	0,180	0,150
0,155	0,174	0,147
0,151	0,169	0,150
0,149	0,179	0,148
0,146	0,177	0,153
0,152	0,180	0,150
0,151	0,177	0,147
0,150	0,176	0,147
0,159	0,178	0,148
0,152	0,179	0,142
0,154	0,176	0,150
0,156	0,175	0,150
0,149	0,176	0,149
0,157	0,177	0,151
0,152	0,175	0,150
0,154	0,174	0,149
0,156	0,177	0,147
0,154	0,179	0,152
0,152	0,175	0,151
0,149	0,182	0,150
0,152	0,176	0,150
0,147	0,182	0,152
0,152	0,177	0,152
0,151	0,175	0,149
0,157	0,180	0,150
0,149	0,177	0,150
0,149	0,177	0,152
0,151	0,180	0,151
0,152	0,175	0,150
0,154	0,177	0,150
0,152	0,179	0,149
0,147	0,180	0,147
0,154	0,179	0,149
0,147	0,174	0,145
0,149	0,170	0,152
0,153	0,175	0,150
0,157	0,177	0,150
0,157	0,183	0,150
0,152	0,179	0,149
0,155	0,175	0,150
0,152	0,172	0,147
0,149	0,177	0,153
0,157	0,174	0,152
0,154	0,177	0,150
0,152	0,174	0,150
0,155	0,175	0,150
0,152	0,174	0,156
0,150	0,177	0,150
0,155	0,177	0,149
0,144	0,177	0,150
0,149	0,174	0,152
0,149	0,180	0,150
0,152	0,175	0,150
0,154	0,175	0,149
0,152	0,175	0,145
0,156	0,175	0,147
0,154	0,175	0,148
0,151	0,174	0,152
0,152	0,179	0,147
0,157	0,180	0,145
0,147	0,178	0,157
0,162	0,176	0,153
0,156	0,177	0,150
0,152	0,178	0,155
0,153	0,174	0,152
0,150	0,175	0,151
0,157	0,184	0,147
0,157	0,175	0,152
0,156	0,178	0,147
0,151	0,180	0,147
0,154	0,177	0,151
0,152	0,184	0,150
0,159	0,175	0,152
0,149	0,175	0,154
0,155	0,176	0,147
0,152	0,175	0,150
0,148	0,174	0,152
0,152	0,177	0,152
0,154	0,172	0,150
0,156	0,185	0,144
0,154	0,177	0,150
0,144	0,177	0,150
0,152	0,178	0,150
0,147	0,177	0,152
0,154	0,172	0,151
0,154	0,177	0,147
0,149	0,180	0,155
0,157	0,184	0,150
0,152	0,171	0,148
0,152	0,179	0,149
0,157	0,181	0,149
0,154	0,173	0,150
0,154	0,181	0,150
0,153	0,176	0,144
0,154	0,175	0,150
0,150	0,175	0,152
0,154	0,174	0,150
0,154	0,180	0,150
0,152	0,179	0,155
0,152	0,175	0,150
0,155	0,174	0,154
0,151	0,177	0,148
0,157	0,182	0,150
0,154	0,182	0,151
0,161	0,177	0,150
0,152	0,174	0,147
0,160	0,175	0,152
0,159	0,180	0,153
0,154	0,175	0,150
0,157	0,176	0,150
0,157	0,174	0,155
0,152	0,182	0,149
0,152	0,175	0,150
0,154	0,180	0,152
0,151	0,175	0,155
0,162	0,171	0,150
0,149	0,179	0,150
0,155	0,175	0,151
0,154	0,178	0,152
0,156	0,178	0,149
0,154	0,175	0,152
0,159	0,175	0,151
0,156	0,177	0,151
0,150	0,185	0,150
0,149	0,174	0,152
0,154	0,180	0,149
0,156	0,175	0,154
0,153	0,174	0,150
0,159	0,177	0,150
0,152	0,182	0,150
0,154	0,174	0,155
0,159	0,177	0,153
0,157	0,175	0,152
0,155	0,177	0,155
0,155	0,180	0,155
0,152	0,177	0,155
0,159	0,175	0,149
0,152	0,175	0,149
0,154	0,177	0,152
0,154	0,174	0,150
0,152	0,174	0,149
0,159	0,177	0,152
0,154	0,172	0,149
0,157	0,181	0,152
0,149	0,180	0,155
0,156	0,179	0,149
0,154	0,181	0,153
0,152	0,174	0,150
0,152	0,175	0,152
0,156	0,177	0,147
0,154	0,182	0,151
0,148	0,177	0,152
0,150	0,177	0,149
0,157	0,177	0,152
0,149	0,182	0,155
0,149	0,177	0,155
0,157	0,180	0,150
0,156	0,174	0,152
0,155	0,180	0,150
0,159	0,177	0,143
0,156	0,177	0,151
0,153	0,174	0,155
0,154	0,175	0,152
0,157	0,182	0,152
0,157	0,179	0,154
0,154	0,176	0,149
0,154	0,184	0,150
0,156	0,174	0,155
0,153	0,179	0,150
0,154	0,176	0,151
0,157	0,177	0,150
0,154	0,179	0,155
0,152	0,173	0,153
0,162	0,186	0,155
0,157	0,179	0,151
0,152	0,178	0,152
0,156	0,177	0,152
0,157	0,175	0,150
0,154	0,179	0,147
0,154	0,177	0,150
0,151	0,175	0,155
0,152	0,174	0,152
0,157	0,179	0,150
0,149	0,177	0,149
0,154	0,179	0,152
0,153	0,174	0,152
0,154	0,182	0,152
0,154	0,177	0,152
0,154	0,180	0,153
0,152	0,180	0,154
0,159	0,183	0,150
0,152	0,174	0,155
0,157	0,177	0,151
0,154	0,175	0,150
0,157	0,179	0,153
0,147	0,174	0,152
0,154	0,174	0,155
0,154	0,177	0,146
0,154	0,178	0,150
0,152	0,175	0,149
0,159	0,179	0,149
0,157	0,177	0,150
0,150	0,175	0,150
0,154	0,180	0,155
0,154	0,177	0,151
0,154	0,175	0,152
0,156	0,175	0,154
0,154	0,177	0,153
0,154	0,177	0,152
0,155	0,174	0,150
0,155	0,179	0,150
0,154	0,179	0,152
0,157	0,174	0,150
0,152	0,177	0,150
0,163	0,179	0,152
0,156	0,184	0,155
0,155	0,177	0,152
0,154	0,180	0,155
0,154	0,175	0,150
0,155	0,184	0,157
0,157	0,177	0,150
0,155	0,175	0,148
0,162	0,177	0,155
0,152	0,176	0,149
0,152	0,181	0,150
0,152	0,178	0,152
0,157	0,174	0,148
0,150	0,178	0,150
0,159	0,177	0,153
0,152	0,178	0,142
0,154	0,177	0,154
0,156	0,182	0,152
0,154	0,177	0,152
0,152	0,184	0,152
0,152	0,180	0,154
0,152	0,180	0,153
0,150	0,179	0,150
0,149	0,182	0,150
0,154	0,177	0,152
0,157	0,177	0,152
0,155	0,179	0,144
0,149	0,182	0,152
0,154	0,182	0,152
0,158	0,177	0,150
0,154	0,175	0,147
0,154	0,180	0,152
0,156	0,177	0,149
0,157	0,182	0,152
0,145	0,177	0,153
0,157	0,180	0,153
0,157	0,175	0,147
0,154	0,184	0,149
0,154	0,178	0,154
0,152	0,181	0,149
0,156	0,176	0,156
0,151	0,178	0,155
0,152	0,183	0,152
0,154	0,180	0,155
0,152	0,177	0,154
0,149	0,180	0,150
0,154	0,174	0,150
0,154	0,182	0,155
0,147	0,177	0,155
0,152	0,177	0,147
0,149	0,180	0,150
0,151	0,177	0,150
0,156	0,182	0,152
0,157	0,177	0,150
0,155	0,182	0,151
0,159	0,182	0,150
0,152	0,174	0,151
0,152	0,181	0,154
0,157	0,177	0,152
0,159	0,177	0,151
0,162	0,180	0,155
0,157	0,180	0,149
0,154	0,177	0,150
0,149	0,184	0,155
0,152	0,176	0,152
0,157	0,176	0,152
0,152	0,176	0,147
0,164	0,178	0,155
0,152	0,178	0,153
0,156	0,181	0,148
0,153	0,177	0,155
0,147	0,180	0,150
0,159	0,180	0,154
0,154	0,177	0,154
0,154	0,182	0,150
0,159	0,178	0,154
0,154	0,177	0,153
0,152	0,175	0,149
0,156	0,182	0,155
0,159	0,175	0,154
0,162	0,178	0,150
0,159	0,172	0,154
0,158	0,185	0,152
0,156	0,177	0,155
0,159	0,178	0,150
0,147	0,177	0,153
0,154	0,177	0,155
0,157	0,185	0,156
0,159	0,180	0,150
0,157	0,174	0,150
0,154	0,174	0,154
0,157	0,183	0,154
0,154	0,181	0,153
0,159	0,182	0,150
0,155	0,183	0,154
0,155	0,174	0,148
0,157	0,177	0,147
0,152	0,177	0,153
0,156	0,183	0,150
0,151	0,177	0,149
0,154	0,175	0,152
0,152	0,180	0,157
0,149	0,182	0,154
0,154	0,182	0,150
0,150	0,177	0,152
0,154	0,182	0,152
0,154	0,180	0,154
0,154	0,177	0,160
0,154	0,175	0,152
0,154	0,187	0,152
0,156	0,180	0,150
0,158	0,179	0,149
0,155	0,182	0,155
0,159	0,185	0,150
0,152	0,177	0,152
0,156	0,180	0,147
0,155	0,177	0,155
0,162	0,179	0,152
0,157	0,184	0,155
0,159	0,182	0,150
0,157	0,185	0,155
0,154	0,176	0,154
0,154	0,181	0,152
0,152	0,178	0,149
0,152	0,177	0,149
0,149	0,177	0,155
0,159	0,178	0,152
0,156	0,177	0,152
0,150	0,183	0,155
0,159	0,177	0,149
0,160	0,174	0,152
0,159	0,177	0,150
0,149	0,179	0,152
0,162	0,177	0,154
0,147	0,183	0,146
0,159	0,184	0,155
0,152	0,185	0,150
0,152	0,177	0,150
0,159	0,177	0,155
0,154	0,177	0,148
0,151	0,182	0,152
0,155	0,182	0,154
0,162	0,180	0,152
0,154	0,174	0,149
0,154	0,179	0,154
0,155	0,178	0,150
0,147	0,178	0,152
0,147	0,176	0,150
0,154	0,182	0,156
0,159	0,180	0,153
0,160	0,178	0,155
0,159	0,182	0,152
0,160	0,177	0,150
0,159	0,180	0,152
0,155	0,182	0,147
0,152	0,177	0,152
0,159	0,180	0,149
0,156	0,177	0,152
0,159	0,180	0,154
0,159	0,187	0,155
0,157	0,177	0,150
0,152	0,180	0,153
0,151	0,174	0,151
0,159	0,180	0,151
0,157	0,182	0,155
0,157	0,177	0,153
0,159	0,177	0,147
0,153	0,182	0,155
0,162	0,174	0,155
0,165	0,177	0,152
0,155	0,182	0,150
0,154	0,180	0,155
0,154	0,183	0,158
0,157	0,181	0,157
0,153	0,177	0,152
0,154	0,183	0,153
0,154	0,184	0,150
0,159	0,185	0,154
0,156	0,183	0,152
0,157	0,183	0,154
0,159	0,180	0,152
0,152	0,182	0,145
0,157	0,175	0,155
0,152	0,182	0,150
0,157	0,182	0,150
0,154	0,180	0,157
0,157	0,174	0,153
0,156	0,187	0,152
0,157	0,182	0,149
0,159	0,182	0,152
0,156	0,179	0,155
0,157	0,182	0,151
0,147	0,177	0,155
0,162	0,182	0,150
0,162	0,187	0,155
0,154	0,177	0,154
0,153	0,187	0,155
0,157	0,180	0,152
0,151	0,182	0,155
0,150	0,177	0,154
0,154	0,180	0,152
0,152	0,178	0,155
0,159	0,176	0,155
0,151	0,183	0,152
0,157	0,175	0,152
0,159	0,182	0,153
0,154	0,180	0,152
0,164	0,182	0,152
0,155	0,185	0,150
0,157	0,185	0,152
0,157	0,177	0,156
0,162	0,180	0,149
0,154	0,178	0,152
0,157	0,181	0,150
0,154	0,184	0,154
0,154	0,185	0,155
0,155	0,174	0,155
0,157	0,182	0,155
0,162	0,174	0,152
0,154	0,180	0,153
0,157	0,180	0,152
0,154	0,180	0,155
0,157	0,182	0,152
0,154	0,187	0,150
0,157	0,180	0,149
0,156	0,182	0,155
0,162	0,173	0,152
0,157	0,176	0,155
0,157	0,183	0,151
0,157	0,179	0,152
0,157	0,178	0,147
0,152	0,178	0,154
0,155	0,183	0,155
0,162	0,185	0,155
0,156	0,184	0,154
0,162	0,182	0,154
0,155	0,180	0,150
0,157	0,177	0,155
0,157	0,180	0,151
0,159	0,177	0,153
0,154	0,185	0,152
0,154	0,179	0,150
0,162	0,180	0,153
0,156	0,179	0,155
0,159	0,182	0,150
0,160	0,177	0,157
0,152	0,177	0,155
0,156	0,182	0,148
0,156	0,182	0,150
0,161	0,184	0,150
0,157	0,177	0,155
0,157	0,182	0,147
0,154	0,178	0,148
0,157	0,186	0,155
0,150	0,181	0,157
0,156	0,181	0,155
0,154	0,183	0,155
0,154	0,182	0,151
0,154	0,183	0,152
0,157	0,183	0,155
0,159	0,187	0,152
0,158	0,175	0,151
0,156	0,174	0,155
0,159	0,180	0,152
0,160	0,177	0,151
0,157	0,182	0,155
0,159	0,182	0,151
0,154	0,185	0,150
0,155	0,174	0,150
0,157	0,182	0,150
0,155	0,177	0,150
0,156	0,180	0,159
0,157	0,180	0,160
0,159	0,178	0,152
0,157	0,187	0,150
0,154	0,179	0,146
0,154	0,180	0,155
0,156	0,180	0,155
0,155	0,174	0,152
0,152	0,173	0,154
0,152	0,185	0,150
0,157	0,186	0,150
0,159	0,178	0,149
0,159	0,183	0,150
0,159	0,176	0,152
0,157	0,183	0,152
0,154	0,183	0,152
0,157	0,182	0,152
0,161	0,185	0,150
0,154	0,183	0,157
0,152	0,180	0,150
0,152	0,187	0,152
0,157	0,179	0,152
0,159	0,179	0,154
0,146	0,185	0,151
0,157	0,182	0,152
0,159	0,180	0,152
0,157	0,177	0,155
0,154	0,180	0,154
0,152	0,174	0,148
0,160	0,185	0,147
0,157	0,180	0,149
0,160	0,177	0,152
0,159	0,174	0,150
0,154	0,182	0,151
0,157	0,184	0,150
0,157	0,177	0,155
0,150	0,182	0,150
0,159	0,181	0,150
0,159	0,180	0,152
0,159	0,183	0,155
0,157	0,183	0,154
0,154	0,180	0,152
0,154	0,175	0,158
0,161	0,174	0,150
0,162	0,182	0,154
0,157	0,180	0,152
0,157	0,182	0,152
0,152	0,182	0,154
0,158	0,184	0,155
0,152	0,180	0,158
0,156	0,177	0,152
0,154	0,184	0,149
0,154	0,175	0,150
0,156	0,182	0,150
0,154	0,179	0,150
0,152	0,182	0,152
0,159	0,182	0,148
0,152	0,185	0,152
0,155	0,179	0,152
0,154	0,180	0,150
0,161	0,179	0,152
0,160	0,179	0,154
0,154	0,176	0,155
0,156	0,181	0,152
0,154	0,181	0,150
0,163	0,182	0,149
0,152	0,186	0,150
0,159	0,174	0,152
0,154	0,177	0,154
0,159	0,175	0,153
0,149	0,182	0,153
0,154	0,180	0,155
0,155	0,177	0,153
0,159	0,182	0,150
0,154	0,182	0,152
0,154	0,176	0,154
0,159	0,182	0,155
0,157	0,182	0,152
0,152	0,185	0,150
0,156	0,175	0,152
0,159	0,179	0,156
0,154	0,187	0,150
0,157	0,185	0,155
0,159	0,180	0,155
0,157	0,182	0,150
0,154	0,182	0,156
0,154	0,180	0,150
0,152	0,177	0,152
0,154	0,179	0,152
0,159	0,175	0,153
0,152	0,182	0,150
0,152	0,188	0,150
0,159	0,186	0,150
0,154	0,181	0,155
0,161	0,179	0,149
0,159	0,180	0,155
0,159	0,185	0,153
0,157	0,177	0,153
0,155	0,179	0,149
0,154	0,180	0,155
0,152	0,174	0,150
0,161	0,182	0,150
0,154	0,179	0,155
0,149	0,187	0,146
0,156	0,182	0,152
0,154	0,185	0,155
0,160	0,180	0,155
0,159	0,177	0,152
0,154	0,180	0,155
0,154	0,177	0,155
0,159	0,180	0,149
0,154	0,182	0,150
0,157	0,185	0,155
0,159	0,182	0,155
0,154	0,183	0,157
0,162	0,187	0,149
0,152	0,173	0,155
0,154	0,182	0,146
0,159	0,189	0,153
0,155	0,185	0,155
0,152	0,184	0,150
0,154	0,183	0,149
0,158	0,178	0,155
0,153	0,187	0,150
0,159	0,187	0,155
0,152	0,180	0,152
0,159	0,180	0,152
0,147	0,183	0,151
0,151	0,182	0,150
0,156	0,182	0,155
0,160	0,177	0,150
0,162	0,182	0,149
0,155	0,179	0,151
0,154	0,182	0,150
0,157	0,184	0,150
0,155	0,183	0,155
0,162	0,183	0,154
0,154	0,185	0,150
0,154	0,179	0,152
0,152	0,184	0,152
0,155	0,177	0,152
0,154	0,175	0,154
0,154	0,177	0,152
0,162	0,176	0,155
0,152	0,183	0,150
0,156	0,183	0,155
0,149	0,179	0,153
0,160	0,183	0,150
0,157	0,179	0,155
0,159	0,185	0,149
0,152	0,177	0,149
0,157	0,175	0,154
0,158	0,182	0,150
0,152	0,177	0,152
0,157	0,177	0,155
0,156	0,179	0,149
0,159	0,179	0,150
0,152	0,182	0,150
0,154	0,179	0,149
0,159	0,180	0,150
0,159	0,179	0,155
0,155	0,179	0,152
0,158	0,180	0,152
0,159	0,185	0,152
0,158	0,180	0,149
0,155	0,180	0,151
0,152	0,180	0,155
0,155	0,182	0,155
0,156	0,182	0,150
0,154	0,182	0,155
0,159	0,173	0,155
0,155	0,185	0,150
0,152	0,179	0,155
0,154	0,176	0,152
0,157	0,181	0,159
0,156	0,179	0,152
0,149	0,175	0,160
0,157	0,177	0,155
0,152	0,182	0,152
0,162	0,182	0,154
0,154	0,187	0,150
0,160	0,190	0,153
0,157	0,185	0,154
0,159	0,177	0,150
0,154	0,182	0,150
0,156	0,182	0,152
0,161	0,182	0,155
0,157	0,182	0,152
0,152	0,184	0,152
0,154	0,182	0,152
0,157	0,177	0,155
0,158	0,187	0,155
0,146	0,187	0,155
0,160	0,179	0,155
0,157	0,184	0,155
0,154	0,185	0,155
0,155	0,179	0,158
0,154	0,177	0,151
0,155	0,187	0,155
0,157	0,183	0,157
0,160	0,183	0,150
0,152	0,178	0,154
0,157	0,180	0,154
0,157	0,175	0,155
0,152	0,182	0,154
0,155	0,185	0,155
0,159	0,182	0,150
0,157	0,182	0,155
0,159	0,177	0,152
0,157	0,175	0,154
0,153	0,185	0,152
0,157	0,182	0,154
0,157	0,187	0,156
0,152	0,182	0,152
0,157	0,177	0,149
0,149	0,177	0,152
0,152	0,180	0,158
0,162	0,183	0,160
0,154	0,179	0,152
0,154	0,182	0,155
0,158	0,182	0,155
0,157	0,179	0,156
0,160	0,185	0,155
0,155	0,175	0,154
0,159	0,180	0,152
0,154	0,183	0,154
0,156	0,181	0,153
0,156	0,181	0,155
0,152	0,186	0,157
0,162	0,185	0,155
0,161	0,185	0,155
0,159	0,185	0,155
0,153	0,185	0,155
0,162	0,180	0,155
0,159	0,187	0,155
0,159	0,175	0,151
0,159	0,182	0,155
0,156	0,177	0,155
0,162	0,185	0,150
0,156	0,179	0,155
0,159	0,182	0,158
0,152	0,182	0,155
0,157	0,185	0,150
0,159	0,182	0,155
0,157	0,185	0,149
0,157	0,189	0,154
0,160	0,187	0,155
0,162	0,185	0,155
0,157	0,177	0,155
0,158	0,179	0,149
0,162	0,179	0,155
0,160	0,178	0,154
0,165	0,183	0,154
0,162	0,184	0,157
0,157	0,181	0,157
0,159	0,183	0,155
0,165	0,182	0,157
0,154	0,185	0,155
0,157	0,185	0,155
0,156	0,180	0,156
0,157	0,185	0,155
0,158	0,185	0,155
0,156	0,185	0,158
0,157	0,179	0,155
0,154	0,182	0,157
0,159	0,185	0,157
0,159	0,187	0,152
0,157	0,182	0,152
0,158	0,177	0,150
0,157	0,187	0,153
0,157	0,187	0,155
0,157	0,179	0,154
0,159	0,182	0,155
0,156	0,180	0,156
0,156	0,182	0,155
0,156	0,180	0,149
0,152	0,185	0,155
0,157	0,179	0,152
0,154	0,171	0,159
0,154	0,180	0,155
0,158	0,184	0,155
0,157	0,181	0,155
0,159	0,181	0,152
0,152	0,180	0,156
0,154	0,185	0,155
0,156	0,182	0,152
0,159	0,180	0,157
0,157	0,183	0,153
0,162	0,187	0,155
0,157	0,183	0,150
0,152	0,184	0,154
0,154	0,180	0,155
0,154	0,177	0,154
0,162	0,185	0,150
0,162	0,179	0,150
0,154	0,185	0,152
0,159	0,180	0,155
0,161	0,182	0,155
0,157	0,183	0,158
0,152	0,182	0,153
0,159	0,179	0,155
0,154	0,179	0,153
0,155	0,184	0,154
0,157	0,190	0,157
0,162	0,180	0,155
0,159	0,175	0,157
0,159	0,189	0,151
0,154	0,191	0,155
0,152	0,186	0,155
0,162	0,183	0,155
0,157	0,182	0,152
0,157	0,185	0,156
0,162	0,184	0,155
0,150	0,180	0,152
0,162	0,180	0,155
0,157	0,185	0,157
0,157	0,182	0,158
0,162	0,177	0,155
0,159	0,190	0,152
0,161	0,179	0,155
0,159	0,182	0,156
0,160	0,180	0,152
0,157	0,187	0,152
0,162	0,182	0,155
0,157	0,185	0,154
0,152	0,183	0,156
0,161	0,180	0,152
0,156	0,182	0,154
0,155	0,190	0,152
0,159	0,174	0,152
0,162	0,177	0,154
0,158	0,180	0,155
0,157	0,185	0,152
0,149	0,182	0,157
0,157	0,176	0,151
0,157	0,178	0,155
0,159	0,188	0,155
0,159	0,173	0,155
0,161	0,183	0,155
0,164	0,184	0,156
0,162	0,177	0,152
0,157	0,180	0,159
0,157	0,185	0,150
0,155	0,187	0,155
0,159	0,179	0,155
0,152	0,192	0,155
0,159	0,182	0,152
0,160	0,179	0,155
0,156	0,182	0,152
0,159	0,185	0,152
0,154	0,179	0,157
0,162	0,182	0,152
0,159	0,179	0,155
0,159	0,177	0,154
0,158	0,187	0,155
0,153	0,177	0,155
0,157	0,189	0,152
0,160	0,184	0,159
0,159	0,187	0,155
0,157	0,179	0,155
0,154	0,186	0,154
0,159	0,175	0,152
0,157	0,177	0,152
0,157	0,182	0,152
0,157	0,183	0,150
0,159	0,186	0,155
0,157	0,185	0,157
0,163	0,188	0,151
0,159	0,182	0,155
0,156	0,189	0,155
0,162	0,178	0,155
0,162	0,187	0,155
0,166	0,187	0,153
0,154	0,177	0,152
0,162	0,179	0,155
0,156	0,180	0,155
0,159	0,179	0,150
0,159	0,179	0,151
0,162	0,182	0,152
0,157	0,185	0,154
0,162	0,188	0,152
0,157	0,183	0,152
0,159	0,180	0,158
0,156	0,187	0,152
0,159	0,183	0,154
0,159	0,187	0,160
0,159	0,187	0,155
0,154	0,186	0,159
0,157	0,176	0,155
0,156	0,190	0,149
0,162	0,184	0,154
0,161	0,184	0,158
0,154	0,185	0,155
0,160	0,182	0,158
0,162	0,180	0,155
0,162	0,185	0,157
0,156	0,180	0,154
0,156	0,185	0,154
0,154	0,182	0,157
0,156	0,185	0,155
0,159	0,189	0,155
0,161	0,187	0,163
0,155	0,182	0,150
0,157	0,185	0,157
0,154	0,187	0,152
0,157	0,182	0,155
0,156	0,187	0,157
0,154	0,185	0,157
0,161	0,188	0,152
0,162	0,180	0,154
0,155	0,187	0,158
0,156	0,180	0,157
0,156	0,187	0,157
0,157	0,182	0,155
0,157	0,189	0,152
0,157	0,179	0,155
0,157	0,185	0,155
0,152	0,181	0,155
0,161	0,178	0,155
0,162	0,176	0,152
0,155	0,179	0,156
0,157	0,180	0,160
0,157	0,188	0,159
0,159	0,180	0,157
0,152	0,185	0,157
0,160	0,180	0,155
0,159	0,185	0,150
0,157	0,187	0,154
0,164	0,187	0,154
0,154	0,189	0,156
0,156	0,184	0,154
0,156	0,177	0,152
0,159	0,182	0,162
0,154	0,182	0,152
0,157	0,182	0,154
0,167	0,177	0,155
0,159	0,182	0,157
0,157	0,182	0,155
0,164	0,182	0,152
0,154	0,184	0,160
0,164	0,187	0,155
0,154	0,180	0,155
0,159	0,177	0,154
0,162	0,179	0,152
0,157	0,183	0,152
0,157	0,180	0,157
0,162	0,186	0,156
0,159	0,187	0,150
0,159	0,180	0,160
0,163	0,183	0,157
0,155	0,185	0,155
0,164	0,180	0,154
0,156	0,187	0,150
0,162	0,179	0,152
0,158	0,187	0,155
0,157	0,182	0,157
0,162	0,184	0,155
0,156	0,182	0,149
0,159	0,182	0,153
0,163	0,184	0,155
0,162	0,179	0,152
0,160	0,180	0,152
0,154	0,182	0,155
0,159	0,182	0,154
0,159	0,185	0,151
0,157	0,187	0,155
0,156	0,182	0,157
0,154	0,185	0,156
0,157	0,182	0,154
0,159	0,179	0,157
0,162	0,186	0,155
0,160	0,189	0,152
0,159	0,184	0,150
0,159	0,188	0,155
0,156	0,179	0,160
0,162	0,178	0,155
0,154	0,178	0,155
0,154	0,177	0,157
0,158	0,180	0,157
0,165	0,187	0,155
0,154	0,184	0,155
0,154	0,189	0,153
0,159	0,185	0,154
0,160	0,179	0,152
0,159	0,182	0,162
0,160	0,187	0,154
0,159	0,180	0,156
0,162	0,187	0,155
0,154	0,180	0,152
0,156	0,182	0,160
0,154	0,182	0,151
0,157	0,182	0,157
0,157	0,184	0,155
0,157	0,184	0,158
0,159	0,180	0,154
0,160	0,182	0,156
0,159	0,183	0,154
0,159	0,180	0,160
0,164	0,185	0,155
0,156	0,178	0,155
0,166	0,176	0,154
0,167	0,186	0,157
0,159	0,182	0,157
0,156	0,192	0,155
0,157	0,182	0,153
0,150	0,182	0,153
0,156	0,179	0,150
0,161	0,189	0,157
0,154	0,180	0,154
0,157	0,185	0,154
0,157	0,179	0,155
0,159	0,187	0,155
0,161	0,184	0,154
0,154	0,180	0,154
0,159	0,179	0,151
0,157	0,185	0,157
0,157	0,185	0,155
0,156	0,180	0,155
0,159	0,187	0,157
0,162	0,177	0,153
0,162	0,180	0,152
0,157	0,180	0,155
0,159	0,187	0,157
0,162	0,182	0,151
0,161	0,185	0,155
0,154	0,180	0,159
0,162	0,180	0,155
0,156	0,194	0,154
0,152	0,185	0,154
0,160	0,178	0,157
0,159	0,178	0,154
0,155	0,182	0,157
0,149	0,188	0,152
0,157	0,177	0,156
0,146	0,184	0,152
0,157	0,182	0,155
0,155	0,185	0,155
0,154	0,180	0,153
0,164	0,183	0,151
0,162	0,185	0,157
0,161	0,187	0,155
0,157	0,177	0,155
0,162	0,185	0,163
0,159	0,185	0,155
0,159	0,187	0,155
0,157	0,179	0,155
0,156	0,184	0,155
0,159	0,185	0,151
0,152	0,177	0,157
0,164	0,181	0,155
0,161	0,179	0,150
0,159	0,188	0,154
0,159	0,183	0,155
0,165	0,182	0,155
0,157	0,183	0,155
0,162	0,182	0,153
0,159	0,185	0,153
0,159	0,188	0,155
0,159	0,184	0,155
0,155	0,185	0,157
0,160	0,185	0,152
0,159	0,187	0,151
0,155	0,187	0,157
0,157	0,179	0,155
0,152	0,182	0,149
0,156	0,185	0,155
0,159	0,182	0,160
0,159	0,179	0,152
0,162	0,181	0,159
0,159	0,180	0,155
0,159	0,187	0,151
0,154	0,182	0,156
0,157	0,185	0,155
0,164	0,185	0,149
0,162	0,182	0,155
0,158	0,182	0,156
0,159	0,184	0,153
0,160	0,180	0,157
0,162	0,187	0,155
0,164	0,186	0,158
0,157	0,189	0,156
0,162	0,188	0,157
0,159	0,184	0,158
0,157	0,185	0,157
0,157	0,187	0,152
0,159	0,187	0,157
0,162	0,182	0,155
0,159	0,190	0,157
0,159	0,175	0,159
0,157	0,184	0,151
0,154	0,177	0,155
0,162	0,185	0,157
0,154	0,188	0,157
0,159	0,182	0,155
0,163	0,187	0,154
