Projekt Aerodynamik Übung CPM3
P_amb in [Pa]:  100463 T_amb in [K]: 291
Channel 1-3 HCL Druckdaten [V] 
2,304	2,341	2,308
2,311	2,341	2,309
2,306	2,338	2,304
2,311	2,341	2,307
2,308	2,338	2,304
2,306	2,338	2,310
2,309	2,341	2,308
2,311	2,341	2,305
2,308	2,339	2,305
2,309	2,341	2,310
2,311	2,339	2,307
2,306	2,339	2,307
2,309	2,341	2,307
2,309	2,339	2,311
2,303	2,341	2,304
2,308	2,336	2,308
2,310	2,336	2,309
2,309	2,342	2,307
2,306	2,346	2,310
2,311	2,342	2,312
2,308	2,340	2,307
2,306	2,341	2,307
2,306	2,339	2,307
2,309	2,338	2,312
2,306	2,344	2,307
2,309	2,337	2,301
2,305	2,341	2,310
2,311	2,346	2,305
2,306	2,341	2,302
2,312	2,336	2,305
2,307	2,341	2,311
2,311	2,336	2,307
2,309	2,341	2,307
2,305	2,341	2,305
2,311	2,341	2,310
2,306	2,341	2,303
2,306	2,341	2,310
2,304	2,341	2,310
2,306	2,341	2,305
2,309	2,341	2,309
2,307	2,336	2,309
2,306	2,341	2,304
2,306	2,341	2,310
2,309	2,340	2,307
2,312	2,338	2,308
2,312	2,339	2,302
2,309	2,340	2,304
2,306	2,340	2,310
2,309	2,336	2,307
2,311	2,337	2,303
2,310	2,341	2,312
2,304	2,342	2,307
2,304	2,341	2,310
2,304	2,336	2,307
2,311	2,334	2,312
2,309	2,341	2,310
2,308	2,338	2,304
2,309	2,341	2,305
2,304	2,340	2,308
2,309	2,339	2,310
2,306	2,341	2,310
2,306	2,341	2,309
2,309	2,344	2,310
2,311	2,336	2,308
2,304	2,338	2,309
2,309	2,339	2,310
2,308	2,340	2,308
2,307	2,337	2,305
2,309	2,344	2,305
2,305	2,338	2,304
2,309	2,341	2,310
2,311	2,338	2,312
2,309	2,337	2,305
2,306	2,343	2,305
2,308	2,342	2,305
2,304	2,342	2,309
2,309	2,342	2,310
2,306	2,340	2,309
2,306	2,341	2,307
2,305	2,337	2,307
2,304	2,336	2,307
2,309	2,341	2,309
2,309	2,341	2,311
2,306	2,336	2,312
2,306	2,341	2,307
2,309	2,341	2,310
2,306	2,341	2,305
2,306	2,341	2,304
2,304	2,338	2,312
2,304	2,340	2,304
2,309	2,341	2,307
2,309	2,341	2,310
2,309	2,340	2,305
2,306	2,339	2,304
2,306	2,341	2,304
2,311	2,338	2,308
2,312	2,346	2,304
2,311	2,341	2,307
2,310	2,341	2,312
2,306	2,336	2,309
2,304	2,337	2,309
2,311	2,339	2,308
2,304	2,342	2,310
2,307	2,343	2,305
2,311	2,339	2,308
2,307	2,339	2,305
2,311	2,341	2,307
2,311	2,341	2,312
2,302	2,341	2,304
2,311	2,343	2,305
2,307	2,343	2,301
2,304	2,341	2,310
2,311	2,341	2,307
2,311	2,341	2,307
2,308	2,336	2,310
2,307	2,341	2,305
2,304	2,340	2,310
2,304	2,339	2,306
2,309	2,341	2,309
2,311	2,341	2,312
2,309	2,339	2,306
2,309	2,341	2,307
2,304	2,341	2,309
2,304	2,341	2,312
2,309	2,338	2,304
2,306	2,341	2,310
2,306	2,341	2,304
2,308	2,338	2,310
2,309	2,341	2,312
2,309	2,336	2,307
2,304	2,339	2,305
2,309	2,340	2,304
2,305	2,341	2,312
2,309	2,340	2,304
2,308	2,341	2,306
2,307	2,341	2,304
2,311	2,341	2,304
2,306	2,341	2,309
2,306	2,344	2,307
2,308	2,338	2,308
2,304	2,341	2,310
2,306	2,336	2,304
2,311	2,341	2,304
2,314	2,338	2,310
2,308	2,340	2,312
2,309	2,341	2,305
2,304	2,341	2,304
2,312	2,340	2,305
2,306	2,341	2,311
2,306	2,341	2,310
2,308	2,338	2,302
2,305	2,341	2,307
2,304	2,341	2,307
2,306	2,341	2,306
2,309	2,341	2,312
2,304	2,336	2,307
2,300	2,344	2,312
2,304	2,342	2,304
2,306	2,339	2,313
2,306	2,338	2,310
2,314	2,340	2,307
2,311	2,339	2,305
2,306	2,339	2,307
2,310	2,341	2,308
2,304	2,341	2,310
2,309	2,338	2,302
2,311	2,341	2,304
2,309	2,343	2,306
2,304	2,343	2,309
2,306	2,341	2,305
2,307	2,346	2,310
2,311	2,341	2,310
2,306	2,334	2,311
2,306	2,341	2,305
2,314	2,340	2,312
2,309	2,338	2,307
2,311	2,338	2,301
2,309	2,337	2,308
2,306	2,341	2,307
2,304	2,341	2,305
2,307	2,346	2,305
2,309	2,339	2,306
2,306	2,341	2,305
2,309	2,338	2,304
2,304	2,336	2,312
2,307	2,341	2,307
2,306	2,341	2,311
2,306	2,346	2,307
2,314	2,342	2,307
2,306	2,336	2,310
2,309	2,339	2,307
2,306	2,341	2,309
2,306	2,341	2,307
2,306	2,341	2,309
2,307	2,343	2,304
2,304	2,339	2,307
2,306	2,341	2,313
2,305	2,338	2,305
2,304	2,341	2,307
2,305	2,341	2,307
2,314	2,334	2,306
2,306	2,341	2,307
2,306	2,341	2,307
2,308	2,341	2,310
2,310	2,341	2,309
2,306	2,344	2,307
2,309	2,341	2,307
2,311	2,341	2,310
2,306	2,341	2,307
2,312	2,346	2,305
2,309	2,341	2,309
2,307	2,336	2,309
2,309	2,338	2,312
2,306	2,337	2,307
2,306	2,343	2,306
2,304	2,342	2,310
2,308	2,336	2,307
2,308	2,346	2,310
2,309	2,342	2,305
2,309	2,341	2,305
2,306	2,341	2,312
2,305	2,341	2,303
2,304	2,341	2,312
2,311	2,341	2,302
2,309	2,343	2,309
2,309	2,338	2,310
2,311	2,340	2,307
2,313	2,344	2,312
2,312	2,338	2,310
2,304	2,341	2,307
2,311	2,344	2,305
2,314	2,341	2,304
2,311	2,342	2,305
2,304	2,341	2,307
2,317	2,338	2,307
2,307	2,341	2,309
2,314	2,341	2,304
2,311	2,344	2,307
2,301	2,344	2,306
2,314	2,332	2,307
2,309	2,337	2,304
2,309	2,341	2,305
2,309	2,341	2,307
2,311	2,340	2,306
2,313	2,342	2,309
2,310	2,341	2,310
2,311	2,342	2,302
2,306	2,341	2,308
2,306	2,342	2,305
2,309	2,341	2,304
2,313	2,338	2,310
2,306	2,338	2,307
2,304	2,341	2,310
2,306	2,340	2,307
2,311	2,341	2,304
2,309	2,343	2,304
2,309	2,341	2,307
2,310	2,334	2,309
2,306	2,339	2,307
2,309	2,341	2,307
2,304	2,342	2,308
2,306	2,336	2,305
2,302	2,341	2,305
2,314	2,344	2,312
2,308	2,341	2,302
2,309	2,341	2,310
2,309	2,341	2,304
2,306	2,337	2,309
2,318	2,339	2,305
2,312	2,341	2,305
2,307	2,342	2,310
2,306	2,343	2,307
2,309	2,341	2,304
2,311	2,341	2,309
2,306	2,342	2,305
2,306	2,341	2,312
2,312	2,341	2,310
2,309	2,341	2,304
2,304	2,338	2,307
2,302	2,341	2,310
2,304	2,338	2,307
2,306	2,341	2,305
2,307	2,341	2,307
2,304	2,341	2,309
2,304	2,341	2,307
2,311	2,341	2,313
2,308	2,338	2,307
2,306	2,341	2,305
2,304	2,341	2,305
2,309	2,341	2,310
2,304	2,344	2,308
2,303	2,344	2,310
2,309	2,339	2,307
2,309	2,341	2,305
2,306	2,341	2,302
2,306	2,341	2,306
2,304	2,338	2,307
2,306	2,341	2,307
2,304	2,339	2,304
2,306	2,340	2,308
2,309	2,339	2,308
2,311	2,341	2,307
2,314	2,341	2,307
2,309	2,341	2,305
2,306	2,341	2,306
2,311	2,339	2,310
2,311	2,341	2,312
2,306	2,341	2,307
2,303	2,341	2,309
2,311	2,340	2,310
2,306	2,343	2,310
2,312	2,340	2,307
2,304	2,338	2,313
2,311	2,341	2,310
2,303	2,341	2,304
2,308	2,338	2,310
2,308	2,344	2,307
2,309	2,346	2,310
2,306	2,343	2,302
2,309	2,341	2,313
2,306	2,338	2,304
2,306	2,348	2,305
2,308	2,341	2,304
2,309	2,336	2,305
2,309	2,344	2,308
2,314	2,338	2,306
2,306	2,342	2,309
2,310	2,342	2,305
2,317	2,340	2,314
2,309	2,342	2,310
2,304	2,341	2,305
2,306	2,338	2,307
2,310	2,341	2,302
2,304	2,341	2,310
2,312	2,343	2,305
2,312	2,341	2,310
2,309	2,341	2,305
2,311	2,340	2,306
2,309	2,341	2,308
2,306	2,341	2,304
2,309	2,341	2,310
2,311	2,341	2,307
2,309	2,337	2,306
2,308	2,341	2,307
2,310	2,341	2,311
2,304	2,344	2,310
2,307	2,338	2,312
2,307	2,341	2,310
2,309	2,341	2,309
2,302	2,348	2,310
2,304	2,341	2,305
2,310	2,334	2,313
2,306	2,338	2,306
2,311	2,342	2,309
2,309	2,343	2,310
2,306	2,342	2,305
2,309	2,342	2,308
2,306	2,341	2,307
2,311	2,337	2,309
2,306	2,341	2,305
2,309	2,341	2,307
2,304	2,341	2,307
2,306	2,341	2,307
2,311	2,341	2,309
2,308	2,341	2,307
2,311	2,343	2,307
2,311	2,337	2,305
2,308	2,338	2,307
2,307	2,337	2,310
2,304	2,341	2,310
2,311	2,341	2,308
2,309	2,341	2,310
2,306	2,344	2,307
2,310	2,343	2,312
2,309	2,341	2,307
2,306	2,344	2,306
2,306	2,341	2,305
2,306	2,341	2,309
2,302	2,341	2,305
2,309	2,338	2,305
2,308	2,342	2,308
2,317	2,345	2,304
2,309	2,340	2,304
2,312	2,341	2,310
2,310	2,340	2,303
2,310	2,339	2,310
2,309	2,341	2,307
2,309	2,341	2,308
2,311	2,341	2,310
2,306	2,341	2,310
2,311	2,341	2,308
2,309	2,343	2,307
2,312	2,341	2,305
2,306	2,340	2,307
2,304	2,341	2,309
2,306	2,343	2,304
2,309	2,341	2,310
2,306	2,339	2,305
2,306	2,336	2,305
2,309	2,343	2,304
2,309	2,342	2,307
2,306	2,338	2,304
2,307	2,341	2,304
2,304	2,344	2,303
2,306	2,341	2,305
2,314	2,343	2,304
2,309	2,336	2,304
2,314	2,340	2,307
2,309	2,339	2,308
2,307	2,338	2,310
2,309	2,340	2,305
2,311	2,338	2,307
2,308	2,342	2,304
2,306	2,340	2,310
2,312	2,341	2,309
2,309	2,341	2,305
2,307	2,341	2,305
2,309	2,341	2,310
2,309	2,344	2,304
2,311	2,341	2,304
2,304	2,336	2,305
2,309	2,335	2,305
2,307	2,341	2,305
2,306	2,338	2,307
2,306	2,340	2,305
2,307	2,336	2,305
2,315	2,341	2,304
2,314	2,339	2,310
2,309	2,342	2,305
2,301	2,341	2,308
2,304	2,341	2,307
2,308	2,341	2,305
2,314	2,341	2,306
2,306	2,341	2,304
2,307	2,341	2,305
2,309	2,334	2,308
2,311	2,340	2,307
2,304	2,347	2,310
2,305	2,344	2,304
2,311	2,343	2,307
2,309	2,343	2,305
2,314	2,341	2,303
2,309	2,339	2,307
2,304	2,339	2,304
2,311	2,339	2,307
2,308	2,343	2,304
2,309	2,341	2,312
2,309	2,341	2,307
2,306	2,338	2,306
2,308	2,343	2,304
2,306	2,339	2,305
2,309	2,343	2,308
2,311	2,341	2,305
2,306	2,341	2,307
2,309	2,341	2,310
2,307	2,339	2,303
2,314	2,341	2,311
2,307	2,343	2,302
2,311	2,336	2,307
2,304	2,341	2,304
2,309	2,341	2,304
2,306	2,341	2,310
2,306	2,341	2,307
2,308	2,340	2,304
2,306	2,340	2,304
2,306	2,336	2,306
2,308	2,342	2,307
2,308	2,340	2,304
2,304	2,341	2,307
2,303	2,338	2,310
2,306	2,342	2,310
2,304	2,341	2,304
2,304	2,341	2,305
2,311	2,341	2,312
2,305	2,341	2,300
2,309	2,338	2,304
2,309	2,341	2,305
2,311	2,335	2,309
2,313	2,341	2,305
2,309	2,341	2,303
2,309	2,348	2,307
2,312	2,341	2,307
2,304	2,339	2,312
2,309	2,341	2,310
2,306	2,342	2,308
2,304	2,341	2,312
2,309	2,341	2,307
2,307	2,341	2,305
2,309	2,341	2,305
2,311	2,341	2,313
2,308	2,341	2,307
2,315	2,336	2,307
2,304	2,344	2,312
2,307	2,343	2,311
2,306	2,339	2,305
2,306	2,344	2,307
2,311	2,343	2,304
2,309	2,342	2,309
2,304	2,342	2,310
2,312	2,341	2,308
2,311	2,340	2,309
2,311	2,340	2,305
2,309	2,339	2,305
2,310	2,343	2,303
2,311	2,341	2,307
2,306	2,338	2,312
2,306	2,341	2,312
2,306	2,341	2,309
2,307	2,341	2,306
2,311	2,338	2,307
2,308	2,338	2,309
2,304	2,346	2,304
2,304	2,342	2,306
2,306	2,338	2,310
2,306	2,341	2,312
2,308	2,338	2,307
2,306	2,341	2,305
2,306	2,341	2,310
2,304	2,344	2,308
2,304	2,336	2,307
2,307	2,336	2,305
2,306	2,344	2,308
2,307	2,343	2,307
2,304	2,339	2,304
2,309	2,342	2,307
2,311	2,341	2,310
2,304	2,338	2,309
2,306	2,339	2,307
2,311	2,341	2,304
2,311	2,341	2,307
2,309	2,344	2,305
2,305	2,338	2,303
2,310	2,341	2,305
2,304	2,338	2,312
2,309	2,338	2,307
2,304	2,339	2,308
2,304	2,341	2,306
2,309	2,338	2,304
2,311	2,344	2,307
2,312	2,343	2,312
2,307	2,339	2,312
2,304	2,344	2,315
2,306	2,338	2,310
2,306	2,341	2,304
2,304	2,341	2,305
2,304	2,338	2,300
2,312	2,338	2,308
2,306	2,340	2,307
2,309	2,342	2,307
2,310	2,345	2,307
2,306	2,340	2,305
2,306	2,341	2,305
2,309	2,338	2,306
2,306	2,341	2,304
2,309	2,341	2,304
2,308	2,339	2,313
2,309	2,341	2,308
2,311	2,339	2,307
2,306	2,336	2,308
2,309	2,344	2,312
2,304	2,342	2,306
2,308	2,341	2,309
2,304	2,343	2,305
2,311	2,341	2,304
2,309	2,341	2,302
2,304	2,340	2,308
2,306	2,337	2,310
2,309	2,347	2,310
2,303	2,339	2,304
2,307	2,338	2,304
2,309	2,341	2,304
2,309	2,339	2,312
2,306	2,341	2,304
2,308	2,341	2,307
2,306	2,336	2,305
2,304	2,343	2,305
2,309	2,337	2,305
2,309	2,338	2,305
2,305	2,343	2,309
2,311	2,340	2,306
2,307	2,341	2,307
2,311	2,344	2,304
2,309	2,344	2,305
2,306	2,343	2,306
2,304	2,339	2,305
2,308	2,341	2,307
2,311	2,338	2,304
2,307	2,338	2,310
2,304	2,340	2,310
2,311	2,340	2,302
2,303	2,341	2,306
2,304	2,344	2,305
2,304	2,343	2,307
2,309	2,341	2,311
2,311	2,344	2,304
2,309	2,341	2,307
2,306	2,341	2,302
2,307	2,343	2,302
2,306	2,338	2,310
2,309	2,343	2,309
2,306	2,337	2,307
2,308	2,337	2,307
2,307	2,337	2,306
2,306	2,342	2,307
2,307	2,345	2,304
2,311	2,341	2,305
2,306	2,344	2,312
2,304	2,339	2,311
2,309	2,341	2,308
2,306	2,341	2,304
2,312	2,341	2,308
2,311	2,341	2,305
2,309	2,341	2,308
2,305	2,343	2,310
2,304	2,341	2,309
2,309	2,341	2,304
2,304	2,341	2,309
2,309	2,339	2,304
2,314	2,339	2,304
2,306	2,341	2,307
2,309	2,341	2,307
2,309	2,343	2,305
2,306	2,341	2,310
2,311	2,341	2,304
2,309	2,341	2,310
2,304	2,341	2,310
2,307	2,338	2,298
2,311	2,340	2,308
2,304	2,338	2,312
2,311	2,342	2,302
2,311	2,339	2,310
2,304	2,343	2,305
2,311	2,341	2,307
2,308	2,338	2,312
2,306	2,341	2,305
2,306	2,337	2,305
2,306	2,341	2,304
2,309	2,344	2,304
2,307	2,338	2,310
2,306	2,338	2,310
2,309	2,341	2,308
2,306	2,341	2,310
2,311	2,343	2,309
2,306	2,340	2,308
2,311	2,336	2,305
2,307	2,341	2,308
2,306	2,341	2,312
2,311	2,340	2,310
2,306	2,341	2,308
2,311	2,344	2,307
2,308	2,341	2,311
2,307	2,341	2,307
2,314	2,336	2,308
2,306	2,341	2,307
2,310	2,338	2,313
2,312	2,341	2,308
2,309	2,335	2,305
2,309	2,339	2,304
2,309	2,342	2,308
2,311	2,343	2,313
2,306	2,340	2,307
2,306	2,344	2,304
2,312	2,346	2,305
2,307	2,339	2,310
2,304	2,337	2,306
2,309	2,341	2,310
2,306	2,343	2,304
2,312	2,341	2,305
2,306	2,341	2,304
2,306	2,339	2,313
2,309	2,342	2,309
2,309	2,341	2,307
2,304	2,341	2,307
2,306	2,343	2,308
2,306	2,341	2,310
2,312	2,341	2,307
2,311	2,342	2,305
2,309	2,341	2,307
2,303	2,348	2,308
2,309	2,341	2,305
2,306	2,341	2,307
2,309	2,340	2,310
2,312	2,341	2,305
2,311	2,333	2,304
2,312	2,337	2,304
2,311	2,342	2,304
2,306	2,340	2,307
2,306	2,342	2,302
2,311	2,340	2,307
2,304	2,341	2,304
2,311	2,344	2,305
2,305	2,336	2,310
2,311	2,338	2,305
2,309	2,341	2,310
2,306	2,349	2,312
2,303	2,341	2,307
2,307	2,336	2,304
2,306	2,343	2,306
2,307	2,341	2,304
2,309	2,344	2,310
2,309	2,341	2,308
2,309	2,341	2,307
2,309	2,341	2,308
2,310	2,341	2,305
2,307	2,346	2,312
2,309	2,338	2,307
2,311	2,341	2,300
2,304	2,341	2,305
2,316	2,341	2,312
2,306	2,341	2,309
2,309	2,338	2,304
2,314	2,338	2,306
2,309	2,342	2,304
2,305	2,345	2,309
2,311	2,343	2,305
2,306	2,342	2,312
2,304	2,341	2,311
2,306	2,342	2,307
2,311	2,341	2,310
2,303	2,341	2,305
2,305	2,334	2,303
2,311	2,340	2,311
2,309	2,336	2,307
2,306	2,337	2,305
2,309	2,340	2,312
2,304	2,346	2,309
2,309	2,341	2,310
2,314	2,341	2,307
2,304	2,341	2,309
2,306	2,338	2,307
2,316	2,341	2,312
2,309	2,342	2,307
2,312	2,341	2,312
2,311	2,341	2,304
2,309	2,343	2,307
2,306	2,341	2,305
2,308	2,341	2,310
2,307	2,341	2,307
2,306	2,336	2,305
2,307	2,344	2,302
2,311	2,345	2,307
2,306	2,339	2,304
2,305	2,342	2,305
2,309	2,336	2,312
2,306	2,342	2,304
2,307	2,341	2,305
2,306	2,341	2,310
2,309	2,343	2,307
2,308	2,341	2,312
2,303	2,341	2,308
2,309	2,343	2,307
2,311	2,339	2,304
2,311	2,339	2,308
2,306	2,348	2,310
2,299	2,341	2,312
2,309	2,341	2,312
2,308	2,341	2,307
2,309	2,341	2,307
2,311	2,341	2,302
2,311	2,341	2,305
2,309	2,339	2,307
2,313	2,338	2,307
2,304	2,344	2,305
2,306	2,341	2,311
2,304	2,337	2,307
2,309	2,338	2,304
2,305	2,342	2,310
2,306	2,340	2,302
2,307	2,344	2,306
2,309	2,342	2,307
2,308	2,344	2,304
2,306	2,339	2,307
2,309	2,343	2,307
2,308	2,338	2,308
2,306	2,341	2,304
2,309	2,341	2,304
2,311	2,341	2,305
2,309	2,339	2,306
2,308	2,341	2,306
2,311	2,341	2,305
2,306	2,341	2,307
2,309	2,343	2,305
2,304	2,341	2,305
2,306	2,340	2,310
2,311	2,346	2,305
2,307	2,341	2,307
2,307	2,341	2,308
2,306	2,339	2,304
2,311	2,341	2,307
2,308	2,341	2,304
2,304	2,343	2,307
2,306	2,338	2,305
2,312	2,340	2,307
2,309	2,338	2,309
2,304	2,342	2,305
2,307	2,343	2,305
2,309	2,341	2,301
2,312	2,341	2,309
2,309	2,342	2,302
2,311	2,341	2,307
2,306	2,341	2,307
2,311	2,338	2,305
2,310	2,338	2,305
2,309	2,341	2,305
2,304	2,338	2,304
2,306	2,343	2,307
2,304	2,341	2,303
2,308	2,338	2,305
2,304	2,341	2,304
2,306	2,341	2,305
2,311	2,341	2,305
2,304	2,341	2,306
2,309	2,344	2,309
2,312	2,341	2,310
2,305	2,341	2,312
2,306	2,341	2,302
2,309	2,341	2,305
2,306	2,339	2,307
2,306	2,341	2,305
2,307	2,336	2,309
2,309	2,343	2,305
2,308	2,345	2,310
2,311	2,340	2,307
2,306	2,342	2,312
2,306	2,340	2,304
2,306	2,342	2,306
2,315	2,341	2,307
2,309	2,340	2,309
2,311	2,340	2,307
2,309	2,338	2,307
2,305	2,341	2,311
2,306	2,341	2,304
2,304	2,340	2,307
2,304	2,341	2,305
2,306	2,341	2,306
2,309	2,338	2,304
2,302	2,341	2,307
2,306	2,341	2,307
2,308	2,341	2,304
2,304	2,338	2,304
2,304	2,341	2,310
2,306	2,343	2,305
2,308	2,339	2,304
2,313	2,341	2,309
2,306	2,341	2,304
2,306	2,341	2,307
2,306	2,332	2,312
2,309	2,338	2,307
2,305	2,342	2,305
2,306	2,344	2,313
2,307	2,343	2,304
2,306	2,344	2,304
2,306	2,334	2,305
2,309	2,339	2,301
2,304	2,341	2,310
2,310	2,341	2,312
2,309	2,338	2,307
2,309	2,340	2,307
2,304	2,341	2,301
2,309	2,340	2,305
2,307	2,341	2,305
2,314	2,341	2,305
2,304	2,336	2,307
2,309	2,341	2,311
2,309	2,341	2,312
2,309	2,341	2,304
2,306	2,342	2,307
2,310	2,338	2,305
2,304	2,341	2,306
2,304	2,341	2,310
2,304	2,341	2,312
2,309	2,341	2,300
2,310	2,341	2,313
2,304	2,333	2,305
2,304	2,342	2,304
2,309	2,342	2,307
2,306	2,338	2,307
2,306	2,347	2,303
2,307	2,338	2,305
2,313	2,341	2,307
2,309	2,341	2,309
2,314	2,336	2,305
2,309	2,343	2,304
2,306	2,341	2,304
2,304	2,341	2,306
2,311	2,341	2,307
2,311	2,340	2,304
2,311	2,338	2,311
2,306	2,340	2,305
2,304	2,340	2,312
2,304	2,338	2,305
2,310	2,341	2,304
2,309	2,341	2,304
2,306	2,341	2,305
2,306	2,339	2,310
2,309	2,343	2,307
2,306	2,338	2,304
2,309	2,338	2,305
2,309	2,346	2,307
2,306	2,341	2,304
2,309	2,333	2,308
2,308	2,345	2,304
2,306	2,345	2,307
2,303	2,340	2,304
2,307	2,343	2,311
2,311	2,338	2,310
2,309	2,341	2,307
2,308	2,341	2,312
2,307	2,336	2,307
2,304	2,338	2,307
2,304	2,341	2,302
2,317	2,344	2,304
2,304	2,338	2,307
2,302	2,341	2,310
2,311	2,341	2,304
2,315	2,336	2,300
2,304	2,341	2,308
2,306	2,340	2,305
2,309	2,346	2,304
2,303	2,344	2,307
2,312	2,341	2,313
2,309	2,341	2,310
2,307	2,341	2,308
2,309	2,340	2,304
2,314	2,341	2,307
2,300	2,334	2,311
2,304	2,341	2,304
2,304	2,337	2,305
2,311	2,342	2,308
2,311	2,341	2,309
2,309	2,344	2,308
2,305	2,340	2,307
2,310	2,341	2,312
2,306	2,341	2,307
2,306	2,341	2,302
2,306	2,341	2,313
2,309	2,341	2,312
2,311	2,338	2,307
2,309	2,341	2,305
2,306	2,341	2,306
2,309	2,338	2,307
2,309	2,341	2,306
2,314	2,344	2,309
2,309	2,341	2,307
2,305	2,339	2,313
2,306	2,341	2,305
2,309	2,338	2,304
2,304	2,346	2,310
2,309	2,340	2,309
2,302	2,341	2,309
2,306	2,343	2,305
2,306	2,341	2,310
2,304	2,341	2,304
2,306	2,341	2,309
2,306	2,335	2,305
2,309	2,342	2,310
2,305	2,342	2,310
2,306	2,343	2,304
2,304	2,337	2,309
2,306	2,340	2,304
2,309	2,339	2,312
2,307	2,339	2,304
2,306	2,343	2,304
2,312	2,341	2,308
2,309	2,342	2,310
2,306	2,344	2,312
2,309	2,341	2,313
2,306	2,340	2,309
2,306	2,341	2,306
2,311	2,338	2,310
2,304	2,341	2,310
2,308	2,341	2,305
2,309	2,343	2,308
2,311	2,342	2,313
2,311	2,341	2,304
2,306	2,339	2,304
2,309	2,339	2,310
2,306	2,341	2,308
2,311	2,341	2,312
2,306	2,341	2,307
2,304	2,343	2,307
2,309	2,336	2,310
2,309	2,345	2,312
2,306	2,345	2,309
2,311	2,337	2,308
2,315	2,342	2,308
2,306	2,341	2,308
2,310	2,342	2,305
2,306	2,339	2,304
2,311	2,338	2,307
2,304	2,341	2,312
2,306	2,341	2,307
2,307	2,338	2,308
2,304	2,343	2,310
2,306	2,338	2,313
2,309	2,344	2,307
2,308	2,343	2,309
2,312	2,341	2,307
2,309	2,341	2,304
2,309	2,338	2,312
2,311	2,341	2,312
2,304	2,341	2,316
2,307	2,341	2,302
2,306	2,338	2,308
2,304	2,338	2,305
2,311	2,339	2,307
2,306	2,338	2,309
2,309	2,341	2,310
2,306	2,338	2,310
2,310	2,342	2,309
2,311	2,336	2,307
2,312	2,342	2,305
2,309	2,343	2,305
2,309	2,341	2,312
2,309	2,344	2,310
2,309	2,344	2,307
2,308	2,341	2,309
2,309	2,341	2,304
2,309	2,341	2,307
2,306	2,341	2,307
2,306	2,341	2,310
2,310	2,341	2,308
2,309	2,341	2,310
2,306	2,341	2,310
2,314	2,341	2,304
2,309	2,341	2,309
2,310	2,341	2,309
2,311	2,341	2,310
2,312	2,338	2,310
2,314	2,341	2,303
2,309	2,339	2,308
2,311	2,341	2,305
2,311	2,339	2,307
2,313	2,341	2,305
2,306	2,341	2,305
2,304	2,341	2,310
2,306	2,346	2,303
2,306	2,338	2,309
2,306	2,340	2,307
2,311	2,338	2,314
2,308	2,336	2,305
2,314	2,341	2,305
2,304	2,344	2,305
2,306	2,341	2,306
2,308	2,341	2,305
2,312	2,341	2,312
2,309	2,346	2,312
2,306	2,338	2,310
2,306	2,338	2,309
2,306	2,343	2,311
2,304	2,340	2,310
2,309	2,341	2,304
2,309	2,341	2,305
2,311	2,340	2,304
2,309	2,341	2,304
2,311	2,341	2,304
2,311	2,341	2,304
2,309	2,342	2,304
2,311	2,341	2,313
2,309	2,341	2,307
2,312	2,341	2,305
2,309	2,341	2,309
2,310	2,341	2,312
2,309	2,328	2,306
2,309	2,334	2,307
2,311	2,339	2,307
2,311	2,343	2,305
2,306	2,340	2,304
2,314	2,342	2,308
2,304	2,340	2,312
2,309	2,341	2,305
2,304	2,341	2,309
2,309	2,341	2,304
2,306	2,341	2,307
2,307	2,338	2,307
2,309	2,341	2,304
2,304	2,341	2,312
2,304	2,340	2,308
2,309	2,341	2,312
2,308	2,341	2,309
2,314	2,340	2,310
2,305	2,343	2,307
2,307	2,341	2,307
2,309	2,341	2,309
2,309	2,338	2,305
2,305	2,341	2,312
2,309	2,341	2,301
2,304	2,341	2,305
2,304	2,341	2,310
2,309	2,333	2,304
2,306	2,337	2,304
2,301	2,336	2,310
2,304	2,344	2,310
2,307	2,348	2,307
2,309	2,341	2,305
2,304	2,340	2,312
2,306	2,341	2,306
2,311	2,342	2,307
2,308	2,341	2,305
2,309	2,341	2,305
2,307	2,341	2,301
2,306	2,336	2,312
2,306	2,341	2,310
2,304	2,343	2,310
2,314	2,340	2,310
2,308	2,341	2,308
2,312	2,341	2,303
2,309	2,341	2,310
2,311	2,341	2,307
2,310	2,341	2,305
2,312	2,341	2,306
2,309	2,342	2,307
2,312	2,336	2,311
2,309	2,341	2,308
2,306	2,341	2,307
2,304	2,343	2,306
2,304	2,341	2,304
2,304	2,341	2,307
2,304	2,337	2,308
2,304	2,339	2,304
2,309	2,342	2,309
2,311	2,340	2,310
2,309	2,341	2,307
2,309	2,345	2,307
2,307	2,344	2,305
2,306	2,339	2,305
2,309	2,339	2,307
2,305	2,336	2,307
2,306	2,341	2,307
2,314	2,339	2,304
2,304	2,344	2,305
2,306	2,346	2,307
2,306	2,336	2,310
2,308	2,341	2,305
2,310	2,341	2,308
2,306	2,341	2,307
2,312	2,341	2,304
2,306	2,341	2,307
2,311	2,339	2,302
2,311	2,341	2,307
2,308	2,341	2,312
2,314	2,336	2,310
2,304	2,343	2,307
2,309	2,341	2,310
2,309	2,336	2,310
2,303	2,336	2,310
2,313	2,348	2,307
2,304	2,342	2,307
2,307	2,342	2,313
2,309	2,343	2,310
2,309	2,340	2,307
2,304	2,339	2,305
2,309	2,342	2,310
2,305	2,341	2,308
2,307	2,341	2,307
2,309	2,338	2,307
2,304	2,336	2,310
2,306	2,338	2,316
2,310	2,341	2,305
2,311	2,340	2,304
2,307	2,341	2,309
2,304	2,341	2,310
2,306	2,341	2,310
2,309	2,338	2,312
2,311	2,341	2,312
2,312	2,341	2,310
2,307	2,341	2,312
2,306	2,341	2,308
2,306	2,346	2,312
2,308	2,344	2,307
2,306	2,343	2,310
2,304	2,341	2,309
2,309	2,337	2,308
2,306	2,342	2,307
2,306	2,344	2,310
2,302	2,342	2,312
2,308	2,343	2,313
2,306	2,343	2,310
2,309	2,342	2,305
2,309	2,340	2,312
2,306	2,344	2,310
2,311	2,338	2,305
2,310	2,338	2,309
2,309	2,341	2,308
2,306	2,336	2,312
2,309	2,343	2,313
2,311	2,338	2,304
2,306	2,341	2,312
2,308	2,341	2,310
2,309	2,339	2,312
2,309	2,341	2,312
2,306	2,341	2,312
2,314	2,341	2,305
2,306	2,342	2,312
2,304	2,341	2,312
2,309	2,344	2,309
2,309	2,341	2,307
2,306	2,341	2,312
2,309	2,341	2,307
2,307	2,341	2,305
2,306	2,340	2,311
2,307	2,342	2,310
2,312	2,338	2,310
2,309	2,337	2,305
2,306	2,341	2,312
2,306	2,339	2,313
2,307	2,341	2,309
2,311	2,341	2,307
2,306	2,341	2,307
2,312	2,339	2,304
2,309	2,341	2,308
2,315	2,341	2,312
2,308	2,341	2,312
2,311	2,340	2,307
2,306	2,340	2,311
2,306	2,341	2,308
2,309	2,334	2,310
2,309	2,343	2,307
2,305	2,339	2,310
2,311	2,337	2,313
2,311	2,341	2,313
2,307	2,338	2,310
2,306	2,338	2,312
2,307	2,344	2,308
2,304	2,338	2,309
2,308	2,338	2,304
2,309	2,341	2,309
2,311	2,338	2,312
2,309	2,338	2,307
2,314	2,341	2,308
2,308	2,343	2,312
2,309	2,340	2,312
2,309	2,340	2,312
2,311	2,338	2,311
2,304	2,342	2,310
2,313	2,341	2,307
2,311	2,341	2,304
2,304	2,338	2,312
2,309	2,338	2,313
2,311	2,341	2,307
2,306	2,339	2,307
2,316	2,340	2,310
2,306	2,341	2,307
2,304	2,338	2,312
2,306	2,341	2,307
2,306	2,344	2,305
2,311	2,336	2,304
2,309	2,341	2,305
2,311	2,334	2,308
2,309	2,341	2,312
2,307	2,336	2,307
2,306	2,341	2,312
2,309	2,336	2,307
2,309	2,341	2,305
2,315	2,333	2,309
2,311	2,334	2,312
2,304	2,342	2,305
2,311	2,346	2,309
2,306	2,341	2,307
2,308	2,342	2,305
2,309	2,339	2,310
2,309	2,346	2,305
2,304	2,339	2,307
2,311	2,338	2,312
2,309	2,341	2,307
2,309	2,338	2,312
2,314	2,344	2,303
2,314	2,341	2,311
2,309	2,336	2,304
2,306	2,337	2,312
2,314	2,341	2,307
2,312	2,338	2,310
2,309	2,341	2,305
2,311	2,338	2,303
2,311	2,341	2,309
2,314	2,341	2,312
2,311	2,338	2,306
2,309	2,338	2,312
2,309	2,341	2,305
2,312	2,341	2,305
2,306	2,338	2,307
2,311	2,338	2,304
2,309	2,333	2,310
2,309	2,337	2,304
2,309	2,345	2,310
2,312	2,345	2,305
2,304	2,341	2,310
2,309	2,341	2,307
2,309	2,337	2,312
2,306	2,341	2,312
2,308	2,341	2,309
2,307	2,336	2,310
2,309	2,344	2,309
2,306	2,341	2,305
2,303	2,341	2,304
2,317	2,341	2,313
2,304	2,338	2,304
2,309	2,339	2,312
2,309	2,341	2,310
2,309	2,341	2,308
2,307	2,338	2,307
2,306	2,338	2,312
2,312	2,342	2,309
2,307	2,341	2,304
2,311	2,338	2,304
2,309	2,341	2,313
2,306	2,341	2,305
2,308	2,336	2,310
2,306	2,336	2,305
2,312	2,337	2,310
2,311	2,346	2,310
2,309	2,342	2,306
2,303	2,339	2,312
2,309	2,343	2,313
2,311	2,336	2,306
2,312	2,342	2,309
2,306	2,339	2,309
2,306	2,341	2,313
2,308	2,341	2,307
2,308	2,339	2,312
2,311	2,341	2,309
2,304	2,341	2,312
2,309	2,341	2,314
2,304	2,336	2,305
2,309	2,338	2,310
2,311	2,341	2,305
2,307	2,341	2,310
2,314	2,341	2,307
2,306	2,341	2,309
2,309	2,337	2,310
2,307	2,341	2,312
2,312	2,339	2,310
2,304	2,341	2,304
2,304	2,341	2,311
2,311	2,341	2,307
2,311	2,341	2,309
2,309	2,335	2,310
2,309	2,337	2,311
2,306	2,341	2,307
2,314	2,339	2,310
2,306	2,340	2,309
2,314	2,339	2,305
2,308	2,341	2,310
2,304	2,344	2,307
2,304	2,341	2,310
2,304	2,341	2,309
2,309	2,340	2,309
2,309	2,341	2,306
2,309	2,338	2,310
2,314	2,341	2,307
2,304	2,341	2,308
2,309	2,344	2,312
2,306	2,338	2,308
2,311	2,341	2,307
2,309	2,344	2,310
2,305	2,341	2,312
2,311	2,337	2,304
2,306	2,339	2,307
2,311	2,341	2,309
2,304	2,333	2,307
2,307	2,338	2,310
2,309	2,341	2,310
2,306	2,341	2,304
2,314	2,336	2,304
2,306	2,338	2,305
2,309	2,337	2,310
2,311	2,338	2,305
2,312	2,342	2,307
2,309	2,338	2,309
2,309	2,339	2,305
2,309	2,339	2,304
2,306	2,341	2,313
2,306	2,341	2,304
2,304	2,341	2,312
2,312	2,341	2,305
2,311	2,338	2,312
2,304	2,340	2,310
2,310	2,338	2,307
2,304	2,341	2,307
2,308	2,341	2,308
2,306	2,344	2,305
2,309	2,338	2,310
2,316	2,339	2,309
2,308	2,341	2,305
2,312	2,342	2,310
2,306	2,338	2,311
2,312	2,341	2,307
2,314	2,341	2,309
2,306	2,338	2,305
2,304	2,346	2,304
2,309	2,335	2,313
2,307	2,345	2,307
2,307	2,340	2,304
2,306	2,339	2,310
2,306	2,340	2,309
2,308	2,343	2,307
2,309	2,339	2,312
2,309	2,342	2,310
2,312	2,341	2,312
2,314	2,341	2,320
2,309	2,338	2,310
2,302	2,341	2,304
2,309	2,338	2,310
2,314	2,341	2,305
2,309	2,341	2,307
2,309	2,341	2,312
2,309	2,341	2,312
2,308	2,341	2,307
2,310	2,341	2,306
2,311	2,338	2,308
2,309	2,341	2,308
2,309	2,344	2,307
2,304	2,339	2,305
2,311	2,338	2,310
2,314	2,344	2,307
2,317	2,339	2,304
2,309	2,341	2,305
2,309	2,338	2,310
2,316	2,339	2,306
2,306	2,333	2,309
2,305	2,342	2,304
2,306	2,348	2,313
2,309	2,339	2,310
2,309	2,342	2,310
2,313	2,342	2,310
2,307	2,344	2,309
2,306	2,341	2,307
2,309	2,338	2,307
2,306	2,341	2,308
2,308	2,341	2,310
2,309	2,338	2,307
2,309	2,338	2,304
2,308	2,338	2,312
2,306	2,341	2,313
2,304	2,338	2,310
2,306	2,338	2,304
2,304	2,341	2,307
2,306	2,341	2,311
2,309	2,339	2,304
2,304	2,341	2,307
2,306	2,333	2,310
2,304	2,341	2,310
2,305	2,336	2,306
2,309	2,341	2,310
2,306	2,341	2,310
2,314	2,332	2,304
2,309	2,340	2,306
2,311	2,340	2,308
2,303	2,342	2,312
2,307	2,340	2,305
2,311	2,344	2,307
2,314	2,338	2,312
2,306	2,335	2,307
2,306	2,341	2,306
2,305	2,341	2,307
2,306	2,339	2,312
2,307	2,339	2,311
2,309	2,338	2,312
2,306	2,338	2,305
2,309	2,337	2,307
2,309	2,341	2,304
2,309	2,341	2,304
2,309	2,336	2,304
2,309	2,341	2,312
2,311	2,344	2,307
2,306	2,341	2,303
2,309	2,337	2,305
2,311	2,337	2,310
2,317	2,341	2,304
2,304	2,344	2,307
2,309	2,336	2,310
2,311	2,336	2,304
2,308	2,339	2,303
2,307	2,335	2,307
2,311	2,347	2,310
2,309	2,340	2,309
2,304	2,340	2,309
2,311	2,340	2,307
2,310	2,343	2,305
2,308	2,339	2,305
2,309	2,341	2,305
2,309	2,341	2,305
2,309	2,341	2,307
2,309	2,338	2,304
2,309	2,343	2,304
2,307	2,341	2,305
2,309	2,344	2,310
2,306	2,336	2,312
2,309	2,341	2,310
2,309	2,341	2,309
2,307	2,340	2,307
2,304	2,341	2,309
2,306	2,338	2,313
2,314	2,344	2,310
2,309	2,338	2,306
2,309	2,341	2,305
2,309	2,341	2,310
2,313	2,341	2,307
2,304	2,341	2,312
2,314	2,338	2,312
2,311	2,341	2,310
2,306	2,338	2,307
2,309	2,338	2,310
2,309	2,337	2,305
2,309	2,343	2,307
2,309	2,341	2,309
2,306	2,339	2,312
2,303	2,339	2,307
2,306	2,341	2,307
2,311	2,338	2,307
2,309	2,338	2,304
2,306	2,341	2,312
2,309	2,341	2,309
2,310	2,338	2,312
2,305	2,340	2,309
2,304	2,343	2,307
2,307	2,338	2,312
2,309	2,343	2,307
2,306	2,339	2,308
2,302	2,341	2,310
2,314	2,341	2,304
2,314	2,339	2,307
2,306	2,341	2,313
2,304	2,338	2,310
2,311	2,343	2,310
2,313	2,344	2,308
2,312	2,338	2,304
2,309	2,341	2,310
2,309	2,338	2,307
2,308	2,338	2,309
2,309	2,341	2,312
2,307	2,342	2,310
2,309	2,343	2,305
2,309	2,337	2,307
2,314	2,338	2,307
2,311	2,342	2,307
2,314	2,339	2,310
2,308	2,341	2,308
2,309	2,341	2,304
2,311	2,341	2,312
2,309	2,341	2,309
2,306	2,334	2,309
2,311	2,338	2,305
2,308	2,341	2,308
2,304	2,339	2,310
2,304	2,341	2,312
2,304	2,341	2,309
2,311	2,336	2,312
2,314	2,342	2,310
2,309	2,338	2,305
2,312	2,343	2,308
2,306	2,336	2,313
2,306	2,341	2,307
2,311	2,338	2,307
2,309	2,343	2,307
2,305	2,335	2,309
2,304	2,338	2,312
2,308	2,336	2,310
2,304	2,343	2,307
2,314	2,340	2,312
2,309	2,342	2,310
2,306	2,340	2,307
2,308	2,347	2,310
2,306	2,341	2,307
2,309	2,346	2,300
2,304	2,339	2,309
2,311	2,341	2,310
2,307	2,336	2,310
2,306	2,336	2,312
2,307	2,337	2,302
2,311	2,341	2,310
2,309	2,341	2,304
2,309	2,341	2,304
2,311	2,341	2,310
2,305	2,338	2,308
2,311	2,343	2,310
2,309	2,343	2,306
2,309	2,344	2,305
2,306	2,341	2,304
2,309	2,340	2,312
2,309	2,341	2,312
2,304	2,341	2,312
2,306	2,344	2,310
2,309	2,336	2,313
2,310	2,341	2,310
2,309	2,342	2,307
2,310	2,342	2,312
2,307	2,342	2,307
2,311	2,342	2,312
2,309	2,344	2,310
2,308	2,344	2,309
2,307	2,341	2,310
2,309	2,341	2,312
2,307	2,343	2,304
2,306	2,338	2,310
2,309	2,341	2,304
2,304	2,341	2,305
2,311	2,341	2,308
2,312	2,341	2,313
2,312	2,339	2,304
2,309	2,336	2,307
2,314	2,338	2,310
2,308	2,343	2,311
2,307	2,342	2,307
2,306	2,336	2,307
2,309	2,341	2,307
2,304	2,346	2,305
2,311	2,341	2,311
2,310	2,333	2,310
2,306	2,341	2,307
2,304	2,338	2,310
2,311	2,338	2,307
2,306	2,339	2,313
2,304	2,340	2,305
2,307	2,342	2,305
2,310	2,340	2,312
2,306	2,341	2,312
2,309	2,341	2,312
2,308	2,338	2,312
2,314	2,336	2,312
2,307	2,341	2,309
2,304	2,337	2,305
2,308	2,344	2,308
2,306	2,336	2,312
2,314	2,338	2,309
2,311	2,336	2,310
2,311	2,341	2,308
2,308	2,339	2,307
2,309	2,341	2,308
2,304	2,338	2,310
2,309	2,341	2,312
2,308	2,339	2,313
2,309	2,336	2,309
2,311	2,341	2,304
2,309	2,338	2,310
2,309	2,338	2,309
2,309	2,341	2,313
2,303	2,341	2,312
2,309	2,341	2,310
2,311	2,336	2,310
2,309	2,340	2,314
2,304	2,342	2,310
2,311	2,339	2,304
2,303	2,339	2,307
2,310	2,341	2,310
2,309	2,339	2,311
2,309	2,341	2,310
2,311	2,338	2,312
2,314	2,336	2,307
2,301	2,341	2,309
2,306	2,336	2,309
2,307	2,341	2,312
2,309	2,340	2,307
2,314	2,343	2,307
2,309	2,339	2,308
2,306	2,338	2,311
2,307	2,338	2,308
2,309	2,338	2,308
2,312	2,338	2,310
2,306	2,341	2,305
2,309	2,339	2,308
2,308	2,340	2,307
2,306	2,339	2,309
2,304	2,341	2,312
2,306	2,336	2,308
2,309	2,343	2,307
2,309	2,337	2,310
2,306	2,335	2,308
2,304	2,341	2,304
2,311	2,339	2,307
2,306	2,343	2,310
2,304	2,341	2,312
2,306	2,342	2,308
2,307	2,342	2,312
2,304	2,338	2,310
2,309	2,339	2,307
2,304	2,338	2,304
2,306	2,336	2,310
2,311	2,334	2,310
2,304	2,338	2,310
2,310	2,343	2,307
2,306	2,341	2,312
2,309	2,341	2,310
2,314	2,341	2,305
2,311	2,339	2,312
2,303	2,340	2,310
2,306	2,341	2,308
2,308	2,338	2,313
2,309	2,341	2,310
2,309	2,340	2,310
2,311	2,338	2,309
2,306	2,341	2,305
2,313	2,341	2,309
2,304	2,341	2,308
2,304	2,339	2,310
2,306	2,340	2,310
2,311	2,334	2,312
2,311	2,342	2,308
2,311	2,338	2,313
2,312	2,344	2,312
2,306	2,344	2,309
2,309	2,342	2,313
2,308	2,341	2,303
2,304	2,338	2,313
2,309	2,341	2,312
2,309	2,338	2,307
2,304	2,341	2,309
2,306	2,338	2,306
2,310	2,338	2,309
2,303	2,346	2,309
2,306	2,341	2,307
2,307	2,341	2,305
2,309	2,339	2,313
2,311	2,341	2,309
2,307	2,341	2,304
2,309	2,342	2,310
2,310	2,341	2,309
2,309	2,339	2,310
2,306	2,341	2,309
2,306	2,336	2,307
2,306	2,336	2,310
2,315	2,341	2,305
2,309	2,337	2,312
2,306	2,345	2,305
2,309	2,343	2,307
2,311	2,339	2,310
2,310	2,343	2,307
2,306	2,340	2,312
2,311	2,342	2,310
2,309	2,341	2,312
2,306	2,341	2,301
2,306	2,336	2,305
2,308	2,341	2,313
2,312	2,343	2,310
2,306	2,343	2,313
2,301	2,338	2,312
2,314	2,343	2,310
2,304	2,341	2,312
2,307	2,341	2,310
2,314	2,336	2,309
2,309	2,338	2,311
2,311	2,338	2,310
2,308	2,338	2,313
2,314	2,342	2,308
2,309	2,339	2,312
2,308	2,341	2,311
2,311	2,341	2,304
2,311	2,338	2,309
2,304	2,336	2,307
2,309	2,343	2,304
2,313	2,338	2,308
2,309	2,333	2,310
2,311	2,337	2,312
2,306	2,343	2,310
2,304	2,342	2,308
2,303	2,342	2,308
2,309	2,344	2,309
2,307	2,342	2,307
2,317	2,341	2,309
2,314	2,344	2,313
2,309	2,341	2,307
2,306	2,341	2,312
2,306	2,344	2,308
2,306	2,340	2,307
2,307	2,338	2,309
2,311	2,339	2,312
2,314	2,343	2,307
2,304	2,341	2,305
2,313	2,339	2,311
2,308	2,341	2,307
2,307	2,341	2,312
2,314	2,339	2,304
2,304	2,343	2,310
2,310	2,344	2,311
2,305	2,338	2,310
2,304	2,336	2,307
2,307	2,341	2,310
2,311	2,341	2,309
2,309	2,333	2,313
2,312	2,343	2,310
2,309	2,339	2,305
2,307	2,338	2,305
2,309	2,339	2,302
2,304	2,341	2,310
2,309	2,339	2,309
2,308	2,347	2,312
2,314	2,339	2,312
2,309	2,341	2,306
2,304	2,338	2,313
2,309	2,341	2,307
2,311	2,341	2,310
2,302	2,341	2,313
2,311	2,340	2,311
2,311	2,340	2,307
2,309	2,343	2,304
2,309	2,341	2,313
2,309	2,341	2,307
2,311	2,334	2,306
2,309	2,340	2,310
2,303	2,342	2,307
2,309	2,341	2,307
2,311	2,341	2,308
2,312	2,338	2,307
2,312	2,341	2,310
2,306	2,341	2,307
2,314	2,340	2,307
2,306	2,339	2,304
2,304	2,332	2,308
2,309	2,340	2,307
2,309	2,343	2,305
2,308	2,333	2,312
2,306	2,343	2,313
2,311	2,340	2,309
2,309	2,342	2,304
2,307	2,344	2,313
2,312	2,341	2,312
2,304	2,341	2,308
2,309	2,340	2,304
2,309	2,341	2,304
2,304	2,338	2,305
2,309	2,341	2,306
2,306	2,343	2,313
2,315	2,341	2,310
2,310	2,343	2,310
2,311	2,341	2,307
2,309	2,341	2,308
2,311	2,341	2,312
2,308	2,338	2,312
2,309	2,341	2,305
2,309	2,341	2,313
2,306	2,343	2,312
2,311	2,341	2,307
2,310	2,341	2,310
2,313	2,340	2,312
2,303	2,346	2,307
2,309	2,337	2,304
2,306	2,336	2,308
2,309	2,341	2,307
2,313	2,348	2,307
2,310	2,339	2,310
2,308	2,342	2,310
2,309	2,339	2,312
2,306	2,342	2,307
2,306	2,341	2,307
2,311	2,341	2,306
2,309	2,338	2,307
2,314	2,343	2,310
2,306	2,344	2,313
2,309	2,341	2,312
2,309	2,340	2,310
2,306	2,346	2,305
2,307	2,343	2,309
2,306	2,344	2,307
2,304	2,341	2,305
2,311	2,340	2,311
2,309	2,341	2,304
2,304	2,337	2,310
2,306	2,338	2,312
2,309	2,338	2,304
2,306	2,344	2,312
2,311	2,336	2,306
2,312	2,336	2,309
2,304	2,341	2,304
2,309	2,337	2,313
2,309	2,339	2,310
2,309	2,340	2,304
2,309	2,336	2,309
2,306	2,341	2,310
2,310	2,341	2,309
2,309	2,339	2,312
2,314	2,341	2,304
2,304	2,336	2,310
2,306	2,341	2,308
2,308	2,341	2,313
2,304	2,341	2,307
2,311	2,339	2,305
2,307	2,341	2,310
2,304	2,337	2,312
2,309	2,343	2,312
2,305	2,341	2,307
2,310	2,341	2,307
2,309	2,341	2,310
2,312	2,338	2,310
2,306	2,341	2,312
2,306	2,337	2,312
2,308	2,338	2,308
2,306	2,341	2,304
2,310	2,338	2,307
2,309	2,341	2,307
2,306	2,343	2,309
2,309	2,333	2,308
2,306	2,348	2,307
2,311	2,339	2,310
2,309	2,339	2,310
2,309	2,350	2,310
2,306	2,340	2,310
2,306	2,339	2,313
2,305	2,341	2,309
2,314	2,338	2,307
2,308	2,341	2,312
2,304	2,339	2,305
2,306	2,339	2,311
2,309	2,341	2,313
2,306	2,341	2,307
2,305	2,340	2,312
2,311	2,338	2,310
2,309	2,343	2,305
2,306	2,346	2,312
2,304	2,338	2,312
2,309	2,339	2,305
2,306	2,339	2,312
2,309	2,338	2,310
2,311	2,342	2,304
2,306	2,341	2,310
2,309	2,336	2,305
2,304	2,341	2,308
2,307	2,339	2,307
2,309	2,341	2,305
2,306	2,336	2,310
2,304	2,337	2,312
2,309	2,339	2,308
2,310	2,343	2,307
2,313	2,337	2,307
2,312	2,345	2,310
2,306	2,341	2,306
2,306	2,342	2,307
2,305	2,341	2,309
2,306	2,336	2,309
2,312	2,341	2,310
2,312	2,339	2,313
2,306	2,341	2,307
2,306	2,339	2,304
2,308	2,338	2,310
2,305	2,341	2,310
2,309	2,341	2,314
2,312	2,339	2,310
2,314	2,343	2,309
2,304	2,334	2,310
2,299	2,341	2,310
2,314	2,339	2,312
2,305	2,338	2,304
2,304	2,341	2,312
2,309	2,341	2,310
2,311	2,344	2,309
2,308	2,336	2,305
2,313	2,341	2,310
2,309	2,337	2,305
2,306	2,344	2,307
2,309	2,340	2,306
2,306	2,340	2,305
2,306	2,341	2,304
2,306	2,340	2,308
2,310	2,339	2,307
2,304	2,343	2,308
2,311	2,338	2,310
2,304	2,341	2,307
2,306	2,346	2,310
2,308	2,341	2,310
2,309	2,341	2,306
2,306	2,341	2,309
2,304	2,336	2,307
2,304	2,338	2,307
2,304	2,338	2,315
2,316	2,341	2,310
2,306	2,338	2,307
2,311	2,337	2,310
2,309	2,341	2,310
2,306	2,343	2,308
2,306	2,339	2,305
2,305	2,341	2,310
2,307	2,341	2,312
2,306	2,336	2,307
2,309	2,341	2,309
2,311	2,341	2,310
2,309	2,344	2,304
2,306	2,340	2,310
2,309	2,340	2,303
2,306	2,343	2,310
2,309	2,340	2,307
2,308	2,342	2,305
2,306	2,339	2,312
2,312	2,341	2,311
2,309	2,339	2,310
2,306	2,334	2,310
2,309	2,341	2,304
2,303	2,346	2,307
2,310	2,340	2,306
2,306	2,343	2,305
2,314	2,341	2,307
2,306	2,341	2,312
2,306	2,341	2,307
2,309	2,338	2,311
2,306	2,343	2,307
2,309	2,339	2,309
2,309	2,341	2,310
2,306	2,341	2,302
2,311	2,338	2,312
2,304	2,339	2,304
2,308	2,341	2,309
2,309	2,341	2,305
2,312	2,341	2,309
2,306	2,336	2,305
2,314	2,340	2,305
2,309	2,342	2,305
2,306	2,343	2,304
2,306	2,341	2,313
2,309	2,345	2,312
2,304	2,341	2,307
2,309	2,339	2,313
2,306	2,338	2,305
2,311	2,338	2,313
2,309	2,341	2,304
2,306	2,341	2,309
2,306	2,341	2,307
2,306	2,337	2,304
2,313	2,338	2,308
2,306	2,341	2,312
2,309	2,343	2,304
2,314	2,343	2,309
2,311	2,341	2,311
2,309	2,341	2,310
2,309	2,341	2,312
2,308	2,341	2,312
2,303	2,341	2,305
2,309	2,338	2,311
2,309	2,338	2,307
2,309	2,341	2,307
2,311	2,341	2,308
2,304	2,341	2,309
2,309	2,336	2,309
2,311	2,337	2,307
2,306	2,342	2,307
2,313	2,340	2,309
2,308	2,341	2,304
2,310	2,340	2,305
2,309	2,344	2,309
2,306	2,339	2,312
2,311	2,341	2,310
2,316	2,341	2,312
2,310	2,341	2,310
2,301	2,341	2,304
2,307	2,336	2,307
2,306	2,341	2,304
2,306	2,341	2,311
2,307	2,341	2,312
2,309	2,341	2,305
2,307	2,341	2,310
2,304	2,341	2,305
2,309	2,341	2,309
2,311	2,341	2,312
2,305	2,342	2,307
2,307	2,338	2,312
2,309	2,341	2,303
2,309	2,341	2,307
2,312	2,338	2,312
2,311	2,336	2,310
2,304	2,339	2,304
2,309	2,341	2,307
2,304	2,339	2,310
2,309	2,340	2,306
2,304	2,343	2,304
2,309	2,342	2,312
2,304	2,342	2,312
2,310	2,338	2,310
2,309	2,339	2,307
2,309	2,341	2,310
2,311	2,336	2,310
2,309	2,341	2,312
2,305	2,343	2,306
2,306	2,341	2,308
2,308	2,341	2,305
2,311	2,342	2,303
2,306	2,343	2,308
2,311	2,341	2,310
2,311	2,341	2,310
2,313	2,341	2,307
2,304	2,341	2,307
2,309	2,341	2,302
2,304	2,339	2,304
2,309	2,344	2,305
2,311	2,341	2,312
2,304	2,341	2,306
2,307	2,339	2,309
2,311	2,337	2,310
2,314	2,341	2,307
2,303	2,337	2,305
2,306	2,340	2,309
2,308	2,343	2,305
2,307	2,337	2,307
2,311	2,343	2,304
2,304	2,339	2,307
2,313	2,342	2,310
2,310	2,339	2,307
2,311	2,341	2,310
2,317	2,341	2,312
2,311	2,341	2,312
2,304	2,347	2,305
2,309	2,341	2,304
2,314	2,341	2,307
2,309	2,340	2,310
2,306	2,343	2,308
2,304	2,338	2,305
2,306	2,340	2,305
2,311	2,339	2,312
2,307	2,341	2,300
2,309	2,340	2,312
2,306	2,344	2,309
2,311	2,341	2,304
2,309	2,338	2,307
2,312	2,341	2,304
2,304	2,341	2,312
2,307	2,341	2,307
2,309	2,343	2,310
2,311	2,341	2,313
2,312	2,335	2,313
2,306	2,339	2,304
2,309	2,342	2,307
2,306	2,340	2,310
2,312	2,342	2,310
2,306	2,343	2,311
2,309	2,338	2,310
2,312	2,338	2,307
2,306	2,341	2,305
2,304	2,344	2,314
2,304	2,334	2,305
2,314	2,341	2,304
2,303	2,338	2,310
2,304	2,341	2,310
2,305	2,340	2,304
2,309	2,340	2,312
2,306	2,341	2,306
2,309	2,340	2,307
2,306	2,339	2,307
2,305	2,341	2,303
2,303	2,341	2,310
2,307	2,341	2,305
2,311	2,339	2,308
2,304	2,341	2,310
2,304	2,341	2,308
2,306	2,338	2,307
2,305	2,341	2,312
2,312	2,341	2,304
2,309	2,337	2,306
2,309	2,335	2,308
2,306	2,342	2,307
2,311	2,342	2,307
2,306	2,337	2,310
2,306	2,344	2,303
2,306	2,340	2,310
2,311	2,342	2,308
2,300	2,341	2,307
2,304	2,339	2,305
2,303	2,338	2,309
2,311	2,338	2,313
2,309	2,341	2,304
2,306	2,341	2,310
2,308	2,338	2,303
2,310	2,336	2,310
2,304	2,338	2,305
2,314	2,341	2,310
2,309	2,343	2,307
2,311	2,341	2,304
2,301	2,343	2,305
2,306	2,341	2,310
2,312	2,334	2,307
2,306	2,341	2,307
2,306	2,341	2,306
2,311	2,341	2,304
2,309	2,343	2,307
2,309	2,341	2,310
2,304	2,341	2,300
2,311	2,339	2,307
2,309	2,340	2,307
2,306	2,339	2,310
2,306	2,346	2,305
2,314	2,342	2,308
2,306	2,341	2,308
2,311	2,342	2,307
2,309	2,341	2,309
2,304	2,341	2,307
2,311	2,342	2,308
2,304	2,339	2,313
2,304	2,340	2,304
2,306	2,336	2,312
2,314	2,341	2,309
2,306	2,341	2,306
2,311	2,341	2,307
2,306	2,341	2,310
2,309	2,340	2,308
2,306	2,343	2,309
2,309	2,341	2,306
2,306	2,344	2,307
2,304	2,338	2,307
2,307	2,341	2,305
2,311	2,341	2,310
2,311	2,341	2,305
2,306	2,339	2,307
2,306	2,341	2,310
2,304	2,338	2,310
2,309	2,342	2,309
2,312	2,339	2,307
2,311	2,342	2,305
2,317	2,340	2,312
2,303	2,344	2,312
2,311	2,338	2,313
2,312	2,341	2,307
2,309	2,338	2,309
2,306	2,341	2,304
2,309	2,341	2,302
2,305	2,344	2,304
2,308	2,346	2,304
2,309	2,338	2,309
2,304	2,338	2,305
2,309	2,338	2,304
2,304	2,341	2,311
2,303	2,338	2,308
2,304	2,340	2,310
2,308	2,338	2,308
2,307	2,341	2,310
2,314	2,338	2,307
2,309	2,341	2,304
2,306	2,336	2,307
2,308	2,340	2,304
2,309	2,339	2,308
2,306	2,341	2,304
2,311	2,339	2,305
2,314	2,341	2,305
2,309	2,342	2,307
2,309	2,340	2,307
2,312	2,343	2,305
2,309	2,342	2,304
2,309	2,340	2,304
2,311	2,342	2,306
2,309	2,340	2,305
2,304	2,342	2,304
2,306	2,341	2,307
2,306	2,341	2,310
2,304	2,338	2,306
2,309	2,341	2,305
2,306	2,341	2,311
2,304	2,338	2,310
2,306	2,340	2,310
2,304	2,336	2,313
2,309	2,346	2,310
2,311	2,338	2,307
2,309	2,339	2,305
2,309	2,336	2,304
2,309	2,340	2,304
2,304	2,341	2,312
2,306	2,341	2,307
2,306	2,341	2,307
2,308	2,339	2,311
2,311	2,333	2,311
2,307	2,340	2,307
2,309	2,341	2,310
2,306	2,336	2,305
2,311	2,336	2,305
2,311	2,345	2,310
2,315	2,339	2,312
2,306	2,343	2,309
2,309	2,344	2,310
2,309	2,342	2,308
2,311	2,341	2,310
2,312	2,341	2,309
2,311	2,336	2,307
2,307	2,334	2,303
2,304	2,341	2,307
2,309	2,340	2,307
2,303	2,343	2,307
2,301	2,338	2,307
2,310	2,333	2,305
2,307	2,341	2,310
2,306	2,340	2,310
2,304	2,338	2,307
2,311	2,341	2,307
2,311	2,338	2,308
2,309	2,341	2,308
2,304	2,341	2,306
2,309	2,343	2,304
2,311	2,341	2,304
2,307	2,344	2,308
2,309	2,342	2,312
2,311	2,347	2,307
2,304	2,342	2,310
2,311	2,341	2,307
2,309	2,343	2,302
2,313	2,340	2,307
2,310	2,340	2,306
2,311	2,341	2,307
2,311	2,343	2,308
2,311	2,342	2,305
2,306	2,339	2,309
2,311	2,336	2,310
2,306	2,342	2,305
2,304	2,339	2,309
2,314	2,339	2,307
2,309	2,339	2,309
2,311	2,340	2,304
2,306	2,341	2,307
2,312	2,341	2,311
2,306	2,337	2,307
2,311	2,341	2,310
2,309	2,341	2,305
2,311	2,341	2,307
2,312	2,341	2,304
2,309	2,341	2,307
2,314	2,340	2,310
2,309	2,341	2,310
2,309	2,341	2,310
2,304	2,341	2,307
2,309	2,338	2,312
2,312	2,335	2,312
2,309	2,346	2,304
2,309	2,340	2,309
2,304	2,342	2,312
2,309	2,342	2,309
2,313	2,340	2,307
2,309	2,341	2,312
2,312	2,342	2,310
2,306	2,341	2,305
2,309	2,341	2,305
2,307	2,343	2,302
2,309	2,341	2,310
2,308	2,339	2,307
2,306	2,341	2,305
2,311	2,340	2,309
2,308	2,341	2,304
2,306	2,341	2,302
2,310	2,341	2,310
2,304	2,340	2,304
2,306	2,341	2,310
2,306	2,341	2,307
2,312	2,342	2,308
2,308	2,336	2,312
2,306	2,341	2,303
2,307	2,344	2,305
2,311	2,344	2,307
2,306	2,344	2,306
2,306	2,339	2,307
2,304	2,336	2,307
2,303	2,332	2,310
2,309	2,339	2,308
2,312	2,346	2,307
2,309	2,342	2,307
2,306	2,342	2,312
2,311	2,341	2,307
2,309	2,337	2,306
2,306	2,336	2,308
2,311	2,344	2,312
2,306	2,343	2,304
2,310	2,339	2,307
2,313	2,341	2,304
2,307	2,339	2,307
2,314	2,343	2,303
2,309	2,344	2,299
2,309	2,338	2,307
2,303	2,343	2,311
2,307	2,336	2,310
2,306	2,341	2,312
2,309	2,341	2,313
2,311	2,341	2,307
2,304	2,343	2,307
2,301	2,339	2,304
2,306	2,341	2,307
2,307	2,343	2,304
2,307	2,337	2,304
2,309	2,335	2,308
2,309	2,339	2,302
2,303	2,341	2,312
2,307	2,345	2,310
2,306	2,340	2,304
2,309	2,339	2,304
2,304	2,343	2,304
2,311	2,344	2,310
2,308	2,343	2,305
2,309	2,339	2,313
2,304	2,341	2,307
2,307	2,341	2,307
2,306	2,341	2,305
2,304	2,337	2,303
2,309	2,340	2,309
2,308	2,341	2,312
2,308	2,336	2,305
2,314	2,343	2,307
2,306	2,341	2,305
2,309	2,340	2,308
2,304	2,341	2,310
2,306	2,339	2,312
2,311	2,339	2,310
2,309	2,341	2,308
2,306	2,341	2,310
2,311	2,341	2,311
2,309	2,338	2,304
2,303	2,349	2,305
2,306	2,334	2,313
2,314	2,346	2,304
2,309	2,344	2,307
2,306	2,339	2,308
2,310	2,340	2,307
2,306	2,338	2,305
2,306	2,342	2,304
2,311	2,341	2,305
2,311	2,339	2,302
2,306	2,341	2,302
2,309	2,339	2,305
2,305	2,343	2,308
2,304	2,341	2,307
2,306	2,338	2,312
2,311	2,340	2,306
2,306	2,341	2,305
2,310	2,343	2,309
2,304	2,341	2,313
2,304	2,336	2,304
2,309	2,336	2,311
2,309	2,341	2,307
2,304	2,341	2,305
2,306	2,343	2,310
2,309	2,341	2,305
2,309	2,344	2,306
2,306	2,341	2,307
2,311	2,338	2,309
2,304	2,338	2,304
2,312	2,343	2,310
2,304	2,340	2,313
2,309	2,341	2,312
2,311	2,341	2,307
2,309	2,344	2,307
2,308	2,343	2,309
2,306	2,341	2,310
2,306	2,344	2,307
2,309	2,344	2,310
2,306	2,341	2,307
2,304	2,341	2,307
2,309	2,343	2,312
2,309	2,341	2,307
2,304	2,341	2,305
2,306	2,341	2,308
2,311	2,341	2,309
2,311	2,341	2,304
2,309	2,341	2,309
2,309	2,341	2,304
2,312	2,341	2,306
2,311	2,341	2,307
2,314	2,341	2,307
2,302	2,339	2,305
2,304	2,342	2,305
2,303	2,341	2,310
2,309	2,341	2,312
2,304	2,341	2,307
2,311	2,338	2,305
2,311	2,341	2,307
2,305	2,340	2,311
2,312	2,341	2,307
2,304	2,343	2,304
2,306	2,345	2,313
2,309	2,340	2,310
2,307	2,341	2,307
2,309	2,340	2,312
2,309	2,342	2,304
2,311	2,344	2,310
2,311	2,341	2,310
2,306	2,344	2,310
2,306	2,341	2,309
2,308	2,341	2,304
2,309	2,339	2,305
2,309	2,340	2,306
2,306	2,343	2,307
2,306	2,340	2,307
2,310	2,341	2,310
2,306	2,339	2,307
2,312	2,338	2,306
2,306	2,341	2,310
2,304	2,341	2,310
2,307	2,342	2,304
2,309	2,344	2,312
2,309	2,341	2,305
2,306	2,341	2,307
2,309	2,341	2,307
2,304	2,338	2,314
2,311	2,341	2,312
2,312	2,337	2,310
2,306	2,338	2,307
2,311	2,341	2,310
2,311	2,343	2,305
2,309	2,335	2,309
2,309	2,337	2,307
2,306	2,340	2,304
2,306	2,341	2,312
2,309	2,344	2,305
2,311	2,341	2,312
2,309	2,341	2,305
2,304	2,341	2,308
2,307	2,336	2,307
2,309	2,339	2,304
2,306	2,340	2,308
2,311	2,341	2,310
2,308	2,341	2,304
2,305	2,342	2,307
2,304	2,341	2,307
2,310	2,336	2,309
2,314	2,341	2,304
2,309	2,342	2,310
2,306	2,346	2,305
2,314	2,338	2,313
2,303	2,338	2,310
2,306	2,338	2,307
2,311	2,341	2,307
2,306	2,338	2,305
2,316	2,336	2,313
2,311	2,341	2,310
2,306	2,340	2,307
2,306	2,347	2,307
2,304	2,342	2,306
2,314	2,338	2,310
2,310	2,342	2,309
2,309	2,338	2,306
2,304	2,341	2,310
2,309	2,341	2,311
2,301	2,343	2,310
2,309	2,341	2,310
2,304	2,343	2,307
2,311	2,338	2,307
2,311	2,341	2,304
2,311	2,336	2,309
2,306	2,341	2,307
2,308	2,341	2,307
2,310	2,341	2,305
2,309	2,341	2,305
2,307	2,341	2,310
2,304	2,339	2,307
2,314	2,341	2,312
2,299	2,341	2,305
2,306	2,341	2,308
2,309	2,341	2,306
2,309	2,343	2,310
2,306	2,336	2,312
2,306	2,343	2,305
2,314	2,342	2,307
2,304	2,343	2,304
2,306	2,345	2,305
2,304	2,341	2,312
2,309	2,341	2,304
2,306	2,342	2,307
2,306	2,341	2,310
2,306	2,341	2,305
2,311	2,341	2,303
2,309	2,343	2,310
2,309	2,341	2,304
2,306	2,341	2,305
2,306	2,340	2,309
2,309	2,340	2,305
2,309	2,343	2,310
2,304	2,340	2,304
2,304	2,343	2,304
2,303	2,341	2,304
2,303	2,341	2,313
2,311	2,341	2,310
2,307	2,341	2,305
2,311	2,341	2,307
2,306	2,341	2,308
2,302	2,341	2,308
2,306	2,344	2,307
2,311	2,341	2,306
2,307	2,338	2,312
2,311	2,338	2,301
2,306	2,338	2,305
2,306	2,343	2,313
2,306	2,340	2,307
2,304	2,339	2,307
2,306	2,341	2,314
2,311	2,344	2,310
2,309	2,341	2,304
2,309	2,341	2,307
2,309	2,341	2,304
2,307	2,339	2,309
2,309	2,341	2,310
2,308	2,336	2,312
2,302	2,338	2,308
2,309	2,341	2,307
2,308	2,336	2,308
2,309	2,338	2,310
2,306	2,337	2,307
2,309	2,341	2,309
2,307	2,339	2,308
2,313	2,341	2,310
2,311	2,341	2,310
2,306	2,338	2,312
2,306	2,339	2,310
2,314	2,338	2,311
2,307	2,341	2,310
2,308	2,346	2,305
2,312	2,336	2,304
2,311	2,341	2,307
2,304	2,342	2,308
2,309	2,340	2,312
2,309	2,340	2,312
2,312	2,341	2,310
2,311	2,342	2,310
2,311	2,344	2,306
2,314	2,338	2,309
2,306	2,338	2,309
2,310	2,341	2,309
2,304	2,341	2,306
2,307	2,336	2,312
2,304	2,341	2,305
2,304	2,341	2,309
2,307	2,338	2,307
2,309	2,343	2,302
2,312	2,341	2,308
2,312	2,343	2,304
2,304	2,339	2,310
2,304	2,341	2,310
2,306	2,341	2,309
2,310	2,341	2,307
2,311	2,341	2,313
2,311	2,341	2,310
2,306	2,341	2,307
2,304	2,341	2,310
2,301	2,341	2,307
2,304	2,339	2,307
2,308	2,341	2,307
2,306	2,336	2,302
2,309	2,342	2,308
2,306	2,340	2,312
2,306	2,341	2,307
2,313	2,343	2,305
2,309	2,337	2,309
2,309	2,341	2,307
2,309	2,338	2,306
2,311	2,338	2,310
2,312	2,341	2,304
2,311	2,338	2,306
2,304	2,340	2,307
2,311	2,340	2,310
2,306	2,343	2,308
2,310	2,341	2,307
2,304	2,341	2,306
2,308	2,344	2,305
2,309	2,346	2,312
2,309	2,341	2,305
2,309	2,337	2,309
2,308	2,336	2,308
2,312	2,341	2,307
2,309	2,342	2,307
2,309	2,341	2,312
2,309	2,343	2,304
2,309	2,337	2,310
2,304	2,336	2,312
2,306	2,342	2,309
2,307	2,343	2,307
2,309	2,340	2,305
2,309	2,342	2,307
2,304	2,340	2,307
2,304	2,342	2,308
2,307	2,341	2,304
2,311	2,341	2,310
2,304	2,341	2,304
2,309	2,343	2,307
2,309	2,341	2,307
2,309	2,343	2,303
2,304	2,341	2,310
2,306	2,341	2,310
2,309	2,341	2,310
2,304	2,341	2,314
2,310	2,339	2,305
2,313	2,341	2,306
2,309	2,341	2,304
2,307	2,341	2,304
2,306	2,341	2,304
2,309	2,339	2,309
2,311	2,341	2,309
2,310	2,341	2,307
2,309	2,344	2,308
2,309	2,341	2,304
2,311	2,341	2,308
2,311	2,335	2,307
2,302	2,334	2,309
2,311	2,342	2,308
2,308	2,341	2,309
2,306	2,344	2,306
2,309	2,342	2,310
2,304	2,341	2,309
2,306	2,341	2,305
2,308	2,341	2,311
2,304	2,341	2,305
2,314	2,341	2,306
2,309	2,341	2,304
2,308	2,341	2,310
2,308	2,341	2,308
2,309	2,341	2,304
2,309	2,344	2,305
2,309	2,341	2,313
2,309	2,344	2,305
2,306	2,344	2,306
2,308	2,339	2,312
2,308	2,341	2,304
2,311	2,341	2,307
2,306	2,341	2,308
2,309	2,339	2,312
2,306	2,341	2,307
2,310	2,341	2,307
2,306	2,341	2,309
2,306	2,337	2,307
2,311	2,338	2,310
2,306	2,339	2,309
2,306	2,342	2,305
2,306	2,341	2,312
2,309	2,341	2,305
2,309	2,344	2,307
2,306	2,344	2,310
2,310	2,341	2,305
2,306	2,341	2,303
2,312	2,338	2,307
2,309	2,344	2,307
2,306	2,341	2,309
2,306	2,341	2,310
2,303	2,340	2,305
2,312	2,341	2,307
2,314	2,344	2,310
2,311	2,343	2,310
2,306	2,341	2,304
2,311	2,338	2,308
2,317	2,343	2,310
2,309	2,341	2,307
2,309	2,341	2,307
2,311	2,346	2,310
2,306	2,343	2,311
2,309	2,343	2,312
2,309	2,342	2,312
2,308	2,341	2,308
2,309	2,340	2,307
2,304	2,339	2,307
2,304	2,341	2,305
2,309	2,337	2,307
2,309	2,347	2,304
2,311	2,340	2,308
2,307	2,342	2,305
2,309	2,338	2,307
2,311	2,341	2,305
2,301	2,341	2,307
2,311	2,343	2,308
2,307	2,341	2,305
2,309	2,343	2,304
2,311	2,339	2,312
2,306	2,341	2,310
2,308	2,340	2,311
2,311	2,340	2,305
2,309	2,341	2,313
2,309	2,341	2,305
2,306	2,336	2,309
2,309	2,341	2,306
2,305	2,341	2,307
2,308	2,341	2,306
2,308	2,341	2,312
2,306	2,343	2,305
2,301	2,341	2,310
2,306	2,341	2,307
2,311	2,341	2,310
2,310	2,341	2,305
2,306	2,336	2,304
2,313	2,342	2,312
2,304	2,343	2,307
2,306	2,339	2,307
2,304	2,340	2,308
2,308	2,344	2,305
2,312	2,342	2,310
2,311	2,341	2,307
2,311	2,341	2,307
2,303	2,344	2,308
2,311	2,341	2,311
2,312	2,336	2,306
2,304	2,344	2,305
2,304	2,343	2,307
2,306	2,343	2,311
2,308	2,340	2,308
2,312	2,341	2,304
2,311	2,341	2,308
2,307	2,338	2,309
2,309	2,343	2,308
2,311	2,349	2,307
2,306	2,341	2,312
2,309	2,341	2,305
2,311	2,341	2,306
2,304	2,341	2,308
2,306	2,340	2,312
2,309	2,339	2,309
2,304	2,339	2,307
2,307	2,343	2,311
2,306	2,345	2,305
2,306	2,338	2,307
2,309	2,345	2,307
2,311	2,338	2,307
2,304	2,341	2,308
2,304	2,342	2,307
2,304	2,336	2,310
2,309	2,341	2,309
2,306	2,344	2,305
2,304	2,338	2,306
2,306	2,341	2,307
2,310	2,341	2,307
2,309	2,340	2,310
2,308	2,340	2,309
2,309	2,340	2,308
2,310	2,341	2,312
2,313	2,341	2,307
2,309	2,341	2,307
2,317	2,343	2,309
2,309	2,341	2,310
2,309	2,341	2,310
2,305	2,346	2,307
2,304	2,338	2,307
2,308	2,338	2,313
2,304	2,341	2,312
2,309	2,341	2,305
2,306	2,338	2,312
2,310	2,332	2,307
2,310	2,342	2,304
2,309	2,343	2,310
2,309	2,340	2,304
2,309	2,342	2,305
2,309	2,338	2,307
2,304	2,339	2,307
2,309	2,341	2,307
2,309	2,341	2,312
2,306	2,338	2,310
2,309	2,341	2,312
2,306	2,343	2,313
2,314	2,341	2,305
2,309	2,336	2,307
2,306	2,336	2,310
2,309	2,339	2,314
2,309	2,341	2,307
2,309	2,338	2,308
2,315	2,341	2,312
2,306	2,341	2,312
2,309	2,339	2,313
2,306	2,342	2,305
2,304	2,338	2,309
2,306	2,341	2,309
2,306	2,341	2,300
2,307	2,341	2,308
2,309	2,336	2,309
2,304	2,337	2,304
2,306	2,339	2,307
2,310	2,341	2,313
2,313	2,337	2,310
2,309	2,343	2,312
2,304	2,334	2,312
2,306	2,343	2,312
2,304	2,345	2,311
2,299	2,341	2,309
2,309	2,344	2,305
2,311	2,338	2,308
2,306	2,339	2,310
2,306	2,338	2,306
2,309	2,341	2,310
2,304	2,340	2,307
2,310	2,343	2,312
2,309	2,341	2,304
2,304	2,341	2,310
2,304	2,338	2,302
2,306	2,338	2,304
2,307	2,341	2,307
2,309	2,341	2,310
2,312	2,343	2,313
2,306	2,338	2,304
2,306	2,341	2,309
2,314	2,341	2,305
2,306	2,336	2,313
2,306	2,341	2,304
2,311	2,338	2,305
2,304	2,344	2,312
2,304	2,340	2,310
2,305	2,344	2,304
2,312	2,340	2,307
2,311	2,339	2,309
2,309	2,341	2,307
2,306	2,341	2,304
2,304	2,341	2,305
2,307	2,338	2,307
2,306	2,341	2,304
2,315	2,339	2,307
2,304	2,336	2,308
2,304	2,343	2,304
2,311	2,341	2,306
2,311	2,339	2,304
2,307	2,341	2,309
2,306	2,341	2,309
2,304	2,336	2,307
2,311	2,341	2,308
2,304	2,342	2,304
2,301	2,341	2,310
2,311	2,343	2,305
2,306	2,341	2,307
2,314	2,341	2,310
2,309	2,341	2,310
2,304	2,339	2,304
2,308	2,338	2,311
2,304	2,337	2,309
2,309	2,340	2,308
2,309	2,343	2,312
2,304	2,338	2,304
2,310	2,342	2,310
2,306	2,341	2,308
2,304	2,341	2,307
2,304	2,336	2,307
2,309	2,338	2,306
2,304	2,341	2,305
2,299	2,341	2,304
2,309	2,341	2,310
2,311	2,338	2,305
2,309	2,340	2,309
2,309	2,339	2,302
2,311	2,341	2,310
2,314	2,341	2,307
2,311	2,341	2,308
2,304	2,341	2,307
2,311	2,343	2,310
2,314	2,342	2,310
2,309	2,341	2,305
2,307	2,338	2,309
2,311	2,341	2,304
2,312	2,341	2,307
2,306	2,341	2,307
2,304	2,346	2,307
2,309	2,336	2,310
2,306	2,341	2,309
2,311	2,342	2,304
2,309	2,341	2,310
2,309	2,340	2,303
2,306	2,344	2,305
2,308	2,342	2,309
2,310	2,341	2,304
2,309	2,341	2,305
2,309	2,344	2,303
2,309	2,341	2,310
2,309	2,343	2,307
2,307	2,341	2,312
2,309	2,343	2,310
2,307	2,343	2,305
2,304	2,341	2,308
2,309	2,338	2,309
2,309	2,341	2,308
2,306	2,343	2,308
2,310	2,341	2,313
2,306	2,338	2,310
2,311	2,339	2,305
2,306	2,339	2,313
2,304	2,341	2,306
2,304	2,339	2,310
2,311	2,341	2,305
2,306	2,341	2,307
2,306	2,337	2,307
2,304	2,343	2,305
2,309	2,339	2,307
2,311	2,341	2,304
2,304	2,335	2,307
2,312	2,340	2,305
2,309	2,344	2,308
2,308	2,341	2,304
2,305	2,341	2,312
2,308	2,341	2,305
2,311	2,344	2,305
2,304	2,344	2,306
2,306	2,341	2,305
2,306	2,341	2,304
2,302	2,338	2,305
2,304	2,340	2,306
2,308	2,351	2,308
2,309	2,341	2,307
2,309	2,341	2,310
2,306	2,341	2,307
2,304	2,341	2,310
2,308	2,341	2,305
2,306	2,344	2,307
2,311	2,338	2,305
2,309	2,343	2,310
2,309	2,340	2,299
2,310	2,341	2,307
2,306	2,338	2,309
2,309	2,341	2,305
2,306	2,336	2,306
2,306	2,342	2,305
2,304	2,342	2,305
2,306	2,339	2,304
2,308	2,342	2,304
2,309	2,345	2,312
2,304	2,341	2,307
2,304	2,341	2,310
2,309	2,343	2,307
2,304	2,341	2,307
2,309	2,341	2,307
2,312	2,339	2,304
2,306	2,338	2,305
2,306	2,341	2,308
2,304	2,343	2,308
2,309	2,343	2,305
2,315	2,341	2,310
2,314	2,341	2,312
2,306	2,334	2,304
