Projekt Aerodynamik Übung CPM3
P_amb in [Pa]:  100463 T_amb in [K]: 291
Channel 1-3 HCL Druckdaten [V] 
2,457	2,549	2,593
2,451	2,543	2,585
2,459	2,547	2,597
2,468	2,549	2,600
2,462	2,541	2,573
2,469	2,544	2,564
2,470	2,541	2,564
2,467	2,547	2,542
2,454	2,544	2,539
2,461	2,552	2,560
2,459	2,549	2,580
2,457	2,543	2,560
2,454	2,541	2,572
2,459	2,547	2,567
2,464	2,538	2,556
2,468	2,539	2,572
2,472	2,546	2,597
2,462	2,543	2,583
2,462	2,547	2,553
2,466	2,551	2,560
2,469	2,549	2,572
2,470	2,550	2,572
2,479	2,542	2,544
2,479	2,544	2,549
2,479	2,539	2,553
2,477	2,541	2,537
2,466	2,544	2,524
2,464	2,546	2,534
2,465	2,546	2,579
2,464	2,549	2,565
2,474	2,544	2,565
2,477	2,549	2,591
2,466	2,546	2,564
2,463	2,554	2,575
2,464	2,549	2,545
2,464	2,547	2,527
2,469	2,549	2,572
2,469	2,546	2,570
2,478	2,547	2,545
2,474	2,541	2,555
2,478	2,552	2,575
2,475	2,546	2,580
2,469	2,539	2,555
2,464	2,556	2,582
2,468	2,550	2,606
2,473	2,546	2,610
2,459	2,550	2,567
2,464	2,549	2,566
2,472	2,549	2,589
2,464	2,555	2,597
2,475	2,554	2,601
2,476	2,551	2,590
2,469	2,554	2,568
2,474	2,549	2,562
2,456	2,549	2,547
2,466	2,549	2,545
2,464	2,552	2,561
2,470	2,551	2,583
2,469	2,551	2,585
2,466	2,547	2,580
2,474	2,549	2,595
2,469	2,549	2,610
2,459	2,549	2,577
2,457	2,546	2,577
2,464	2,552	2,597
2,472	2,554	2,600
2,469	2,549	2,586
2,465	2,549	2,570
2,464	2,554	2,587
2,475	2,546	2,590
2,472	2,553	2,593
2,472	2,547	2,567
2,471	2,542	2,542
2,460	2,546	2,527
2,463	2,543	2,539
2,466	2,547	2,566
2,465	2,547	2,587
2,457	2,554	2,604
2,462	2,554	2,615
2,463	2,547	2,582
2,461	2,541	2,593
2,459	2,546	2,600
2,459	2,549	2,606
2,459	2,554	2,575
2,467	2,551	2,564
2,464	2,547	2,599
2,465	2,551	2,577
2,469	2,549	2,560
2,464	2,551	2,590
2,467	2,557	2,601
2,467	2,554	2,595
2,471	2,549	2,587
2,474	2,552	2,587
2,471	2,551	2,560
2,462	2,551	2,565
2,464	2,544	2,539
2,471	2,548	2,532
2,474	2,553	2,527
2,473	2,555	2,552
2,477	2,555	2,571
2,479	2,556	2,574
2,489	2,544	2,549
2,494	2,552	2,539
2,491	2,549	2,529
2,487	2,546	2,530
2,482	2,546	2,519
2,479	2,549	2,519
2,474	2,554	2,539
2,468	2,549	2,515
2,469	2,551	2,514
2,471	2,541	2,496
2,461	2,549	2,494
2,466	2,549	2,474
2,459	2,547	2,472
2,464	2,541	2,502
2,463	2,547	2,517
2,462	2,542	2,484
2,461	2,539	2,457
2,461	2,547	2,476
2,469	2,539	2,487
2,467	2,539	2,494
2,466	2,541	2,462
2,462	2,547	2,449
2,464	2,535	2,458
2,457	2,540	2,452
2,447	2,540	2,444
2,457	2,538	2,462
2,452	2,545	2,475
2,457	2,541	2,521
2,456	2,544	2,538
2,467	2,537	2,537
2,476	2,541	2,560
2,472	2,543	2,546
2,467	2,541	2,549
2,457	2,537	2,514
2,461	2,539	2,495
2,459	2,538	2,466
2,461	2,534	2,442
2,452	2,541	2,459
2,457	2,539	2,481
2,457	2,537	2,499
2,462	2,539	2,501
2,462	2,539	2,520
2,462	2,539	2,514
2,458	2,542	2,539
2,461	2,534	2,524
2,464	2,539	2,513
2,459	2,539	2,487
2,451	2,539	2,512
2,455	2,538	2,545
2,462	2,535	2,547
2,456	2,539	2,543
2,454	2,541	2,547
2,457	2,535	2,531
2,449	2,545	2,552
2,456	2,541	2,549
2,450	2,539	2,547
2,452	2,537	2,577
2,462	2,542	2,589
2,464	2,536	2,587
2,471	2,539	2,568
2,471	2,539	2,572
2,471	2,542	2,605
2,475	2,540	2,592
2,472	2,537	2,595
2,471	2,541	2,637
2,466	2,547	2,660
2,469	2,541	2,628
2,471	2,549	2,602
2,467	2,547	2,613
2,471	2,541	2,615
2,464	2,544	2,628
2,460	2,546	2,635
2,460	2,541	2,658
2,462	2,539	2,652
2,457	2,541	2,642
2,456	2,537	2,632
2,459	2,536	2,602
2,458	2,537	2,597
2,456	2,536	2,592
2,452	2,537	2,607
2,452	2,540	2,603
2,449	2,532	2,613
2,449	2,537	2,607
2,441	2,537	2,606
2,448	2,539	2,609
2,457	2,537	2,612
2,441	2,536	2,582
2,449	2,534	2,581
2,449	2,536	2,581
2,451	2,529	2,595
2,446	2,529	2,577
2,449	2,534	2,574
2,444	2,529	2,572
2,446	2,532	2,552
2,439	2,532	2,544
2,444	2,527	2,559
2,442	2,524	2,572
2,436	2,527	2,581
2,439	2,527	2,564
2,429	2,527	2,527
2,426	2,529	2,507
2,434	2,520	2,516
2,426	2,529	2,509
2,432	2,522	2,494
2,426	2,523	2,507
2,426	2,520	2,514
2,429	2,522	2,507
2,431	2,524	2,510
2,428	2,524	2,514
2,424	2,516	2,514
2,429	2,519	2,519
2,429	2,522	2,531
2,426	2,519	2,552
2,423	2,519	2,539
2,421	2,521	2,522
2,426	2,524	2,557
2,429	2,526	2,589
2,434	2,516	2,590
2,432	2,526	2,575
2,426	2,524	2,563
2,419	2,524	2,573
2,429	2,522	2,572
2,436	2,524	2,552
2,429	2,527	2,557
2,436	2,519	2,552
2,433	2,521	2,556
2,431	2,522	2,572
2,437	2,521	2,600
2,439	2,521	2,615
2,436	2,538	2,617
2,432	2,528	2,597
2,431	2,525	2,577
2,431	2,526	2,541
2,434	2,526	2,560
2,431	2,527	2,567
2,431	2,527	2,566
2,433	2,529	2,559
2,445	2,529	2,560
2,446	2,527	2,572
2,444	2,532	2,598
2,449	2,526	2,587
2,454	2,528	2,595
2,446	2,530	2,567
2,449	2,529	2,560
2,440	2,532	2,553
2,436	2,527	2,527
2,434	2,527	2,526
2,436	2,524	2,537
2,437	2,527	2,534
2,437	2,527	2,518
2,436	2,532	2,509
2,426	2,532	2,529
2,431	2,527	2,522
2,431	2,526	2,544
2,432	2,524	2,563
2,429	2,526	2,575
2,437	2,532	2,574
2,441	2,536	2,567
2,441	2,532	2,593
2,435	2,538	2,618
2,441	2,537	2,635
2,442	2,530	2,602
2,442	2,527	2,607
2,441	2,530	2,598
2,436	2,532	2,592
2,446	2,534	2,587
2,440	2,534	2,598
2,449	2,536	2,585
2,449	2,536	2,571
2,444	2,539	2,597
2,452	2,536	2,620
2,442	2,539	2,630
2,441	2,538	2,625
2,446	2,538	2,635
2,449	2,529	2,603
2,444	2,537	2,570
2,436	2,531	2,555
2,439	2,532	2,553
2,443	2,527	2,583
2,444	2,534	2,601
2,439	2,534	2,597
2,452	2,536	2,592
2,454	2,537	2,607
2,455	2,535	2,597
2,454	2,538	2,607
2,457	2,531	2,590
2,451	2,529	2,564
2,444	2,531	2,552
2,447	2,527	2,559
2,444	2,527	2,602
2,441	2,529	2,612
2,444	2,529	2,582
2,444	2,524	2,560
2,444	2,529	2,572
2,436	2,532	2,597
2,441	2,536	2,572
2,446	2,534	2,531
2,447	2,539	2,529
2,444	2,537	2,567
2,446	2,539	2,577
2,437	2,534	2,552
2,443	2,529	2,551
2,440	2,532	2,574
2,454	2,531	2,562
2,441	2,532	2,557
2,449	2,526	2,564
2,454	2,529	2,569
2,450	2,529	2,564
2,449	2,524	2,575
2,444	2,524	2,578
2,444	2,535	2,586
2,449	2,540	2,564
2,450	2,533	2,547
2,444	2,530	2,517
2,447	2,533	2,507
2,449	2,537	2,536
2,449	2,529	2,560
2,459	2,526	2,554
2,461	2,526	2,603
2,460	2,534	2,625
2,457	2,539	2,605
2,454	2,534	2,598
2,452	2,530	2,580
2,456	2,531	2,560
2,451	2,537	2,557
2,444	2,536	2,555
2,449	2,538	2,564
2,457	2,544	2,560
2,456	2,541	2,557
2,464	2,539	2,562
2,459	2,546	2,544
2,455	2,539	2,527
2,460	2,539	2,528
2,459	2,537	2,552
2,461	2,539	2,565
2,456	2,539	2,572
2,456	2,531	2,589
2,464	2,535	2,603
2,460	2,538	2,598
2,456	2,542	2,603
2,454	2,543	2,570
2,457	2,546	2,564
2,464	2,539	2,617
2,460	2,539	2,630
2,452	2,539	2,610
2,454	2,539	2,602
2,447	2,538	2,585
2,446	2,544	2,587
2,456	2,541	2,593
2,457	2,538	2,550
2,457	2,544	2,554
2,457	2,537	2,547
2,464	2,529	2,569
2,453	2,534	2,597
2,454	2,539	2,597
2,459	2,536	2,572
2,457	2,547	2,580
2,456	2,544	2,572
2,454	2,539	2,562
2,454	2,539	2,562
2,460	2,538	2,585
2,457	2,542	2,580
2,459	2,538	2,564
2,457	2,537	2,590
2,456	2,547	2,578
2,456	2,545	2,573
2,466	2,541	2,577
2,472	2,542	2,617
2,464	2,551	2,629
2,456	2,542	2,614
2,457	2,541	2,598
2,459	2,544	2,595
2,465	2,543	2,598
2,466	2,539	2,604
2,469	2,537	2,597
2,464	2,531	2,605
2,461	2,538	2,596
2,465	2,539	2,587
2,456	2,539	2,582
2,457	2,544	2,590
2,457	2,544	2,590
2,456	2,546	2,588
2,454	2,544	2,597
2,456	2,542	2,602
2,454	2,538	2,642
2,452	2,539	2,609
2,452	2,534	2,590
2,446	2,534	2,580
2,451	2,539	2,584
2,457	2,545	2,582
2,462	2,532	2,560
2,467	2,537	2,564
2,462	2,546	2,596
2,456	2,540	2,614
2,455	2,545	2,607
2,454	2,544	2,619
2,456	2,545	2,622
2,454	2,544	2,632
2,454	2,544	2,618
2,454	2,546	2,595
2,456	2,544	2,601
2,460	2,552	2,607
2,461	2,546	2,604
2,469	2,540	2,582
2,459	2,544	2,600
2,452	2,539	2,617
2,455	2,539	2,617
2,454	2,544	2,600
2,458	2,541	2,588
2,457	2,542	2,587
2,454	2,544	2,590
2,457	2,546	2,612
2,456	2,542	2,603
2,454	2,549	2,590
2,452	2,539	2,590
2,452	2,541	2,600
2,454	2,539	2,597
2,459	2,539	2,570
2,453	2,542	2,558
2,459	2,538	2,535
2,461	2,542	2,545
2,457	2,542	2,527
2,456	2,539	2,519
2,456	2,548	2,545
2,458	2,544	2,570
2,463	2,538	2,560
2,456	2,544	2,552
2,454	2,546	2,552
2,456	2,539	2,533
2,459	2,539	2,517
2,463	2,541	2,564
2,464	2,544	2,588
2,477	2,544	2,582
2,462	2,542	2,568
2,466	2,541	2,572
2,461	2,541	2,590
2,461	2,539	2,580
2,464	2,539	2,576
2,474	2,546	2,583
2,472	2,544	2,559
2,464	2,541	2,527
2,459	2,539	2,524
2,457	2,536	2,538
2,459	2,534	2,509
2,457	2,535	2,519
2,454	2,535	2,514
2,451	2,533	2,522
2,445	2,543	2,531
2,449	2,535	2,547
2,457	2,538	2,575
2,454	2,539	2,585
2,449	2,532	2,541
2,449	2,538	2,523
2,454	2,531	2,497
2,456	2,536	2,509
2,451	2,539	2,502
2,450	2,537	2,491
2,439	2,536	2,499
2,446	2,534	2,527
2,440	2,536	2,530
2,449	2,541	2,527
2,443	2,534	2,520
2,447	2,532	2,514
2,439	2,532	2,522
2,446	2,539	2,530
2,441	2,536	2,510
2,448	2,534	2,513
2,446	2,532	2,522
2,446	2,537	2,537
2,449	2,534	2,559
2,444	2,536	2,557
2,448	2,531	2,575
2,451	2,542	2,610
2,447	2,540	2,592
2,446	2,538	2,592
2,449	2,540	2,585
2,457	2,536	2,555
2,457	2,532	2,532
2,453	2,537	2,547
2,444	2,534	2,547
2,449	2,534	2,515
2,452	2,536	2,514
2,457	2,534	2,529
2,459	2,539	2,550
2,459	2,538	2,547
2,466	2,535	2,542
2,461	2,536	2,532
2,461	2,532	2,519
2,469	2,534	2,507
2,461	2,538	2,513
2,473	2,532	2,554
2,467	2,529	2,572
2,474	2,534	2,540
2,469	2,537	2,532
2,469	2,539	2,552
2,472	2,534	2,527
2,472	2,537	2,539
2,472	2,534	2,549
2,469	2,535	2,531
2,469	2,538	2,562
2,477	2,539	2,570
2,477	2,545	2,544
2,469	2,543	2,520
2,470	2,539	2,513
2,464	2,542	2,544
2,474	2,544	2,564
2,470	2,539	2,547
2,477	2,539	2,549
2,477	2,539	2,588
2,480	2,544	2,602
2,484	2,539	2,588
2,477	2,537	2,575
2,473	2,537	2,533
2,479	2,541	2,511
2,479	2,537	2,496
2,477	2,539	2,506
2,474	2,538	2,547
2,474	2,539	2,534
2,476	2,534	2,530
2,478	2,534	2,531
2,484	2,534	2,519
2,479	2,532	2,535
2,479	2,534	2,543
2,476	2,529	2,532
2,480	2,529	2,559
2,476	2,526	2,558
2,478	2,538	2,570
2,480	2,538	2,584
2,474	2,538	2,575
2,479	2,534	2,595
2,479	2,539	2,605
2,481	2,534	2,621
2,479	2,535	2,603
2,477	2,534	2,590
2,479	2,534	2,572
2,477	2,534	2,550
2,471	2,538	2,546
2,474	2,531	2,532
2,472	2,529	2,527
2,469	2,536	2,527
2,467	2,529	2,514
2,469	2,531	2,518
2,469	2,526	2,527
2,468	2,529	2,532
2,469	2,529	2,539
2,462	2,527	2,546
2,464	2,532	2,570
2,461	2,526	2,577
2,462	2,526	2,580
2,456	2,532	2,559
2,471	2,526	2,552
2,467	2,526	2,537
2,467	2,521	2,559
2,462	2,526	2,580
2,464	2,525	2,560
2,463	2,525	2,570
2,462	2,536	2,564
2,467	2,528	2,550
2,457	2,530	2,564
2,464	2,535	2,546
2,459	2,531	2,534
2,461	2,537	2,551
2,464	2,534	2,562
2,457	2,534	2,552
2,459	2,529	2,536
2,469	2,537	2,560
2,457	2,534	2,583
2,459	2,534	2,594
2,454	2,532	2,597
2,451	2,529	2,553
2,454	2,527	2,542
2,459	2,536	2,534
2,454	2,532	2,542
2,456	2,534	2,565
2,457	2,534	2,538
2,469	2,529	2,509
2,469	2,527	2,512
2,461	2,531	2,531
2,471	2,527	2,539
2,464	2,525	2,520
2,464	2,536	2,502
2,461	2,531	2,507
2,459	2,527	2,482
2,456	2,531	2,467
2,462	2,530	2,497
2,454	2,530	2,489
2,457	2,534	2,494
2,457	2,539	2,507
2,456	2,532	2,520
2,458	2,539	2,529
2,462	2,536	2,534
2,461	2,534	2,547
2,465	2,525	2,536
2,467	2,534	2,510
2,467	2,531	2,506
2,461	2,527	2,509
2,458	2,531	2,494
2,459	2,534	2,498
2,467	2,536	2,489
2,464	2,530	2,482
2,459	2,532	2,482
2,458	2,537	2,494
2,459	2,534	2,503
2,467	2,532	2,509
2,472	2,531	2,512
2,467	2,525	2,514
2,462	2,529	2,532
2,467	2,532	2,562
2,471	2,528	2,587
2,471	2,528	2,564
2,467	2,530	2,527
2,466	2,529	2,532
2,466	2,527	2,548
2,468	2,534	2,582
2,459	2,529	2,572
2,461	2,532	2,547
2,459	2,539	2,550
2,462	2,539	2,552
2,459	2,526	2,561
2,464	2,536	2,570
2,463	2,536	2,555
2,467	2,537	2,579
2,479	2,539	2,560
2,474	2,532	2,532
2,471	2,539	2,532
2,475	2,534	2,545
2,471	2,539	2,560
2,474	2,532	2,560
2,466	2,532	2,575
2,464	2,539	2,585
2,463	2,538	2,584
2,469	2,539	2,577
2,472	2,531	2,559
2,472	2,531	2,567
2,472	2,531	2,564
2,472	2,536	2,576
2,458	2,533	2,552
2,462	2,539	2,552
2,459	2,536	2,557
2,456	2,532	2,559
2,457	2,529	2,545
2,454	2,534	2,557
2,458	2,536	2,582
2,457	2,534	2,560
2,457	2,534	2,518
2,457	2,531	2,502
2,451	2,531	2,514
2,457	2,526	2,507
2,459	2,532	2,524
2,458	2,539	2,571
2,454	2,534	2,572
2,459	2,537	2,535
2,462	2,542	2,560
2,464	2,536	2,567
2,459	2,536	2,561
2,457	2,538	2,532
2,464	2,536	2,519
2,456	2,534	2,529
2,452	2,539	2,504
2,446	2,530	2,527
2,457	2,530	2,539
2,445	2,538	2,534
2,447	2,536	2,502
2,456	2,537	2,492
2,449	2,530	2,494
2,456	2,535	2,499
2,456	2,534	2,502
2,459	2,529	2,514
2,457	2,532	2,490
2,457	2,534	2,494
2,456	2,532	2,504
2,448	2,526	2,502
2,451	2,536	2,507
2,449	2,531	2,509
2,452	2,526	2,517
2,454	2,529	2,519
2,456	2,526	2,557
2,444	2,534	2,537
2,450	2,529	2,527
2,454	2,535	2,559
2,446	2,529	2,530
2,444	2,529	2,545
2,439	2,539	2,546
2,436	2,537	2,562
2,441	2,536	2,559
2,452	2,532	2,545
2,454	2,535	2,540
2,456	2,537	2,508
2,452	2,526	2,509
2,444	2,540	2,514
2,452	2,540	2,504
2,446	2,539	2,496
2,442	2,534	2,497
2,446	2,532	2,506
2,448	2,537	2,529
2,450	2,532	2,515
2,449	2,537	2,518
2,447	2,534	2,514
2,451	2,538	2,504
2,459	2,528	2,512
2,449	2,534	2,525
2,447	2,534	2,524
2,457	2,537	2,504
2,454	2,531	2,507
2,459	2,529	2,539
2,454	2,529	2,544
2,444	2,539	2,550
2,443	2,536	2,558
2,457	2,539	2,570
2,457	2,537	2,600
2,444	2,534	2,610
2,451	2,539	2,592
2,447	2,537	2,554
2,447	2,535	2,532
2,446	2,527	2,544
2,444	2,527	2,566
2,447	2,538	2,585
2,447	2,533	2,575
2,441	2,533	2,552
2,440	2,529	2,547
2,446	2,535	2,555
2,441	2,539	2,582
2,441	2,529	2,572
2,441	2,529	2,589
2,447	2,527	2,561
2,441	2,529	2,568
2,447	2,524	2,544
2,451	2,526	2,552
2,452	2,527	2,532
2,457	2,524	2,531
2,449	2,527	2,560
2,448	2,524	2,569
2,444	2,527	2,557
2,441	2,527	2,577
2,444	2,527	2,581
2,448	2,527	2,527
2,445	2,527	2,524
2,441	2,532	2,547
2,437	2,527	2,528
2,436	2,532	2,539
2,439	2,524	2,562
2,439	2,522	2,535
2,441	2,527	2,540
2,442	2,534	2,543
2,447	2,532	2,537
2,449	2,528	2,527
2,452	2,527	2,517
2,451	2,530	2,527
2,455	2,532	2,519
2,452	2,536	2,502
2,449	2,534	2,537
2,444	2,531	2,545
2,444	2,537	2,537
2,450	2,529	2,530
2,456	2,533	2,537
2,449	2,534	2,554
2,449	2,538	2,572
2,444	2,537	2,598
2,439	2,531	2,610
2,441	2,529	2,597
2,434	2,527	2,564
2,441	2,537	2,564
2,441	2,524	2,538
2,441	2,537	2,539
2,441	2,529	2,505
2,439	2,527	2,505
2,436	2,525	2,532
2,436	2,523	2,560
2,441	2,530	2,547
2,456	2,527	2,562
2,451	2,525	2,572
2,452	2,526	2,578
2,456	2,535	2,590
2,449	2,524	2,595
2,456	2,527	2,602
2,454	2,529	2,585
2,458	2,534	2,599
2,458	2,531	2,630
2,457	2,534	2,622
2,457	2,534	2,609
2,449	2,538	2,622
2,456	2,538	2,605
2,450	2,534	2,605
2,459	2,532	2,585
2,457	2,538	2,615
2,454	2,539	2,619
2,457	2,539	2,615
2,464	2,537	2,587
2,456	2,534	2,589
2,453	2,537	2,587
2,451	2,537	2,611
2,461	2,529	2,577
2,459	2,534	2,557
2,454	2,536	2,542
2,451	2,533	2,539
2,459	2,530	2,514
2,459	2,536	2,519
2,452	2,538	2,557
2,446	2,530	2,580
2,447	2,533	2,579
2,454	2,534	2,572
2,458	2,534	2,560
2,459	2,529	2,537
2,469	2,529	2,541
2,467	2,532	2,522
2,462	2,529	2,514
2,467	2,527	2,537
2,472	2,528	2,555
2,467	2,529	2,590
2,462	2,531	2,549
2,456	2,527	2,537
2,455	2,534	2,539
2,459	2,529	2,565
2,460	2,529	2,585
2,457	2,535	2,583
2,454	2,529	2,560
2,459	2,532	2,554
2,468	2,532	2,560
2,470	2,529	2,573
2,469	2,537	2,583
2,472	2,534	2,564
2,457	2,529	2,560
2,467	2,528	2,562
2,466	2,538	2,556
2,464	2,538	2,567
2,464	2,535	2,559
2,459	2,533	2,552
2,456	2,532	2,550
2,464	2,537	2,568
2,461	2,537	2,585
2,465	2,529	2,582
2,464	2,534	2,550
2,459	2,534	2,519
2,454	2,527	2,529
2,456	2,528	2,519
2,463	2,529	2,524
2,467	2,534	2,547
2,473	2,534	2,546
2,474	2,531	2,539
2,467	2,532	2,538
2,469	2,527	2,539
2,459	2,530	2,538
2,461	2,539	2,539
2,461	2,539	2,516
2,461	2,532	2,491
2,459	2,532	2,507
2,469	2,534	2,563
2,464	2,539	2,573
2,466	2,544	2,585
2,462	2,537	2,555
2,464	2,536	2,540
2,457	2,537	2,554
2,456	2,533	2,545
2,459	2,539	2,557
2,461	2,534	2,557
2,462	2,541	2,562
2,456	2,536	2,559
2,454	2,539	2,539
2,453	2,539	2,552
2,458	2,537	2,538
2,459	2,539	2,545
2,460	2,544	2,540
2,461	2,543	2,516
2,459	2,544	2,555
2,454	2,544	2,572
2,454	2,541	2,569
2,455	2,539	2,595
2,457	2,539	2,598
2,447	2,537	2,605
2,446	2,542	2,594
2,449	2,536	2,579
2,442	2,534	2,570
2,451	2,537	2,569
2,457	2,539	2,577
2,456	2,544	2,577
2,459	2,531	2,561
2,447	2,532	2,597
2,456	2,540	2,617
2,454	2,540	2,629
2,452	2,535	2,608
2,454	2,540	2,622
2,446	2,539	2,635
2,449	2,537	2,617
2,447	2,537	2,603
2,444	2,539	2,608
2,436	2,537	2,597
2,441	2,538	2,580
2,439	2,539	2,590
2,442	2,539	2,602
2,439	2,536	2,609
2,449	2,529	2,625
2,446	2,538	2,619
2,436	2,537	2,605
2,441	2,534	2,593
2,439	2,537	2,585
2,435	2,534	2,585
2,441	2,534	2,625
2,437	2,532	2,600
2,436	2,534	2,570
2,438	2,534	2,580
2,445	2,532	2,581
2,439	2,529	2,592
2,447	2,529	2,594
2,446	2,534	2,582
2,454	2,530	2,562
2,453	2,529	2,527
2,449	2,533	2,540
2,453	2,541	2,558
2,447	2,537	2,592
2,454	2,533	2,607
2,456	2,530	2,622
2,457	2,532	2,627
2,459	2,532	2,634
2,459	2,529	2,640
2,457	2,527	2,602
2,457	2,537	2,600
2,451	2,537	2,587
2,458	2,534	2,588
2,466	2,531	2,585
2,469	2,532	2,577
2,456	2,532	2,600
2,466	2,534	2,625
2,457	2,532	2,608
2,456	2,534	2,617
2,465	2,529	2,622
2,457	2,529	2,592
2,452	2,529	2,589
2,454	2,534	2,603
2,456	2,536	2,590
2,452	2,531	2,579
2,456	2,532	2,574
2,454	2,529	2,565
2,462	2,537	2,539
2,457	2,526	2,575
2,457	2,535	2,610
2,456	2,533	2,623
2,460	2,532	2,632
2,457	2,538	2,635
2,469	2,537	2,640
2,476	2,527	2,632
2,470	2,532	2,610
2,473	2,529	2,590
2,474	2,527	2,559
2,469	2,526	2,547
2,469	2,526	2,552
2,467	2,533	2,578
2,464	2,527	2,585
2,462	2,526	2,576
2,464	2,529	2,585
2,467	2,529	2,597
2,464	2,527	2,576
2,466	2,531	2,552
2,461	2,527	2,537
2,455	2,524	2,547
2,457	2,526	2,559
2,459	2,526	2,540
2,457	2,527	2,527
2,459	2,527	2,527
2,458	2,527	2,557
2,456	2,522	2,570
2,451	2,532	2,557
2,454	2,531	2,547
2,452	2,535	2,525
2,452	2,533	2,527
2,449	2,529	2,523
2,458	2,532	2,540
2,456	2,529	2,547
2,467	2,526	2,539
2,459	2,532	2,512
2,454	2,532	2,512
2,451	2,532	2,542
2,451	2,539	2,542
2,462	2,538	2,532
2,462	2,529	2,502
2,461	2,533	2,510
2,457	2,534	2,514
2,464	2,534	2,552
2,461	2,529	2,552
2,465	2,532	2,547
2,464	2,530	2,535
2,462	2,537	2,547
2,458	2,527	2,552
2,465	2,534	2,539
2,464	2,536	2,559
2,467	2,537	2,566
2,459	2,539	2,552
2,466	2,538	2,547
2,461	2,538	2,521
2,464	2,539	2,534
2,467	2,545	2,519
2,469	2,546	2,539
2,471	2,537	2,542
2,464	2,539	2,550
2,469	2,537	2,522
2,482	2,539	2,504
2,477	2,534	2,497
2,469	2,536	2,509
2,472	2,534	2,515
2,464	2,538	2,507
2,465	2,544	2,514
2,464	2,543	2,509
2,465	2,539	2,537
2,457	2,541	2,527
2,461	2,547	2,529
2,462	2,539	2,532
2,467	2,538	2,552
2,470	2,541	2,516
2,467	2,539	2,519
2,462	2,537	2,512
2,457	2,539	2,527
2,462	2,539	2,530
2,465	2,541	2,518
2,466	2,539	2,522
2,475	2,540	2,532
2,467	2,548	2,552
2,459	2,540	2,548
2,456	2,541	2,557
2,469	2,539	2,564
2,476	2,546	2,572
2,472	2,542	2,582
2,466	2,542	2,576
2,461	2,547	2,587
2,458	2,544	2,585
2,458	2,546	2,590
2,456	2,547	2,571
2,462	2,541	2,547
2,464	2,544	2,554
2,459	2,538	2,577
2,463	2,541	2,577
2,459	2,537	2,547
2,457	2,538	2,522
2,454	2,539	2,538
2,459	2,541	2,519
2,459	2,538	2,517
2,466	2,544	2,533
2,463	2,539	2,530
2,467	2,542	2,547
2,459	2,547	2,552
2,456	2,541	2,519
2,454	2,544	2,514
2,457	2,544	2,511
2,469	2,543	2,514
2,466	2,536	2,505
2,467	2,551	2,517
2,464	2,543	2,514
2,456	2,540	2,521
2,459	2,547	2,527
2,460	2,546	2,519
2,459	2,550	2,519
2,457	2,547	2,529
2,457	2,541	2,516
2,459	2,546	2,537
2,460	2,541	2,523
2,451	2,547	2,514
2,465	2,539	2,504
2,462	2,542	2,534
2,462	2,544	2,552
2,456	2,538	2,560
2,456	2,544	2,544
2,457	2,546	2,544
2,460	2,551	2,534
2,456	2,549	2,527
2,457	2,547	2,538
2,456	2,541	2,575
2,460	2,544	2,589
2,461	2,546	2,590
2,456	2,542	2,544
2,452	2,541	2,539
2,457	2,541	2,554
2,461	2,539	2,550
2,449	2,543	2,519
2,447	2,545	2,525
2,449	2,540	2,522
2,451	2,541	2,494
2,454	2,544	2,514
2,454	2,545	2,549
2,455	2,540	2,528
2,469	2,537	2,502
2,459	2,541	2,512
2,469	2,542	2,519
2,464	2,552	2,522
2,461	2,554	2,536
2,464	2,549	2,522
2,466	2,546	2,519
2,469	2,546	2,535
2,467	2,552	2,531
2,458	2,547	2,535
2,459	2,546	2,545
2,458	2,546	2,514
2,450	2,544	2,504
2,452	2,542	2,511
2,454	2,544	2,507
2,456	2,549	2,519
2,451	2,552	2,545
2,451	2,551	2,529
2,457	2,549	2,513
2,459	2,554	2,509
2,469	2,551	2,519
2,458	2,549	2,544
2,457	2,541	2,527
2,454	2,545	2,520
2,457	2,546	2,522
2,464	2,552	2,552
2,464	2,547	2,564
2,461	2,544	2,599
2,458	2,544	2,603
2,467	2,539	2,560
2,457	2,549	2,543
2,457	2,551	2,562
2,456	2,546	2,545
2,449	2,554	2,542
2,446	2,546	2,532
2,452	2,549	2,527
2,454	2,544	2,539
2,456	2,543	2,555
2,449	2,544	2,577
2,452	2,552	2,570
2,449	2,550	2,577
2,449	2,547	2,616
2,449	2,549	2,615
2,456	2,551	2,583
2,451	2,549	2,560
2,453	2,541	2,569
2,449	2,549	2,583
2,447	2,548	2,597
2,449	2,538	2,579
2,444	2,552	2,587
2,446	2,554	2,569
2,452	2,550	2,562
2,447	2,547	2,589
2,452	2,546	2,589
2,454	2,547	2,577
2,449	2,544	2,593
2,456	2,552	2,595
2,453	2,547	2,576
2,452	2,549	2,583
2,444	2,547	2,585
2,454	2,547	2,590
2,451	2,545	2,597
2,454	2,547	2,575
2,456	2,544	2,590
2,454	2,541	2,569
2,449	2,544	2,565
2,451	2,549	2,560
2,452	2,552	2,539
2,456	2,549	2,540
2,458	2,544	2,528
2,441	2,544	2,507
2,449	2,544	2,515
2,449	2,552	2,535
2,452	2,549	2,547
2,450	2,546	2,571
2,454	2,542	2,575
2,452	2,549	2,600
2,449	2,551	2,597
2,449	2,548	2,572
2,454	2,548	2,585
2,456	2,549	2,597
2,459	2,547	2,595
2,469	2,541	2,582
2,474	2,549	2,570
2,472	2,551	2,580
2,466	2,554	2,574
2,465	2,557	2,564
2,464	2,554	2,575
2,462	2,549	2,548
2,464	2,552	2,539
2,469	2,554	2,547
2,473	2,554	2,572
2,466	2,552	2,561
2,467	2,549	2,555
2,462	2,552	2,572
2,464	2,557	2,585
2,464	2,560	2,572
2,468	2,562	2,573
2,472	2,559	2,555
2,472	2,547	2,532
2,475	2,554	2,552
2,479	2,547	2,557
2,474	2,547	2,581
2,456	2,548	2,577
2,461	2,548	2,555
2,464	2,553	2,522
2,464	2,555	2,530
2,462	2,551	2,552
2,459	2,554	2,555
2,461	2,547	2,559
2,462	2,552	2,572
2,462	2,554	2,598
2,459	2,551	2,615
2,457	2,559	2,617
2,454	2,561	2,617
2,462	2,562	2,610
2,456	2,554	2,610
2,449	2,554	2,612
2,454	2,556	2,590
2,456	2,559	2,577
2,462	2,554	2,573
2,461	2,561	2,554
2,461	2,562	2,539
2,462	2,562	2,527
2,456	2,559	2,502
2,459	2,564	2,537
2,453	2,557	2,563
2,448	2,554	2,567
2,452	2,559	2,552
2,455	2,561	2,564
2,459	2,560	2,548
2,454	2,563	2,550
2,458	2,563	2,552
2,456	2,563	2,550
2,450	2,553	2,539
2,449	2,563	2,530
2,457	2,564	2,522
2,459	2,564	2,534
2,444	2,557	2,544
2,446	2,562	2,576
2,449	2,562	2,575
2,459	2,566	2,547
2,457	2,559	2,522
2,454	2,561	2,519
2,443	2,554	2,513
2,457	2,559	2,549
2,446	2,557	2,560
2,457	2,555	2,560
2,451	2,561	2,535
2,449	2,559	2,504
2,454	2,560	2,500
2,448	2,557	2,519
2,447	2,557	2,535
2,446	2,562	2,541
2,457	2,557	2,547
2,453	2,556	2,552
2,447	2,554	2,557
2,449	2,555	2,565
2,455	2,561	2,585
2,456	2,563	2,600
2,456	2,561	2,589
2,443	2,555	2,572
2,449	2,556	2,569
2,437	2,552	2,565
2,437	2,555	2,562
2,436	2,556	2,564
2,436	2,554	2,560
2,436	2,554	2,564
2,437	2,552	2,570
2,439	2,552	2,557
2,436	2,554	2,539
2,436	2,553	2,547
2,441	2,552	2,546
2,443	2,549	2,533
2,439	2,552	2,539
2,431	2,551	2,544
2,434	2,551	2,567
2,429	2,552	2,556
2,426	2,554	2,552
2,419	2,555	2,571
2,423	2,554	2,564
2,424	2,554	2,532
2,421	2,554	2,541
2,434	2,557	2,545
2,436	2,554	2,547
2,437	2,551	2,539
2,428	2,559	2,546
2,432	2,555	2,550
2,431	2,553	2,547
2,429	2,555	2,550
2,428	2,551	2,559
2,437	2,557	2,572
2,435	2,551	2,572
2,435	2,545	2,561
2,431	2,549	2,577
2,431	2,546	2,570
2,423	2,547	2,558
2,433	2,547	2,559
2,426	2,546	2,524
2,431	2,544	2,537
2,444	2,548	2,539
2,431	2,549	2,530
2,429	2,554	2,530
2,436	2,551	2,539
2,433	2,552	2,539
2,441	2,541	2,536
2,447	2,547	2,575
2,444	2,547	2,572
2,431	2,547	2,541
2,438	2,552	2,545
2,433	2,552	2,548
2,436	2,549	2,524
2,434	2,550	2,494
2,434	2,549	2,535
2,431	2,551	2,547
2,426	2,555	2,539
2,432	2,546	2,512
2,429	2,543	2,494
2,444	2,551	2,512
2,444	2,548	2,488
2,436	2,550	2,507
2,440	2,550	2,524
2,441	2,551	2,544
2,436	2,551	2,560
2,444	2,555	2,553
2,441	2,547	2,507
2,437	2,544	2,509
2,436	2,547	2,539
2,437	2,544	2,550
2,439	2,551	2,524
2,439	2,549	2,524
2,435	2,549	2,537
2,434	2,552	2,522
2,424	2,544	2,504
2,429	2,551	2,532
2,429	2,550	2,532
2,421	2,549	2,547
2,426	2,549	2,519
2,428	2,546	2,480
2,426	2,549	2,489
2,424	2,544	2,514
2,432	2,547	2,572
2,434	2,539	2,552
2,434	2,544	2,546
2,436	2,542	2,583
2,436	2,548	2,607
2,447	2,541	2,603
2,441	2,542	2,598
2,454	2,544	2,598
2,438	2,545	2,582
2,438	2,546	2,582
2,436	2,554	2,577
2,434	2,549	2,546
2,431	2,554	2,504
2,426	2,552	2,522
2,427	2,557	2,564
2,433	2,554	2,578
2,435	2,544	2,598
2,434	2,549	2,609
2,429	2,551	2,585
2,431	2,554	2,572
2,428	2,547	2,585
2,423	2,546	2,589
2,434	2,547	2,592
2,426	2,546	2,564
2,424	2,541	2,558
2,429	2,546	2,596
2,432	2,544	2,645
2,434	2,549	2,630
2,426	2,541	2,600
2,426	2,546	2,589
2,436	2,553	2,595
2,439	2,540	2,610
2,441	2,548	2,627
2,445	2,552	2,637
2,444	2,554	2,622
2,444	2,554	2,607
2,447	2,555	2,595
2,443	2,551	2,595
2,435	2,557	2,585
2,436	2,546	2,577
2,434	2,552	2,577
2,441	2,549	2,544
2,434	2,546	2,512
2,427	2,549	2,529
2,436	2,551	2,543
2,432	2,551	2,553
2,436	2,554	2,552
2,440	2,544	2,552
2,436	2,552	2,545
2,433	2,555	2,560
2,432	2,550	2,587
2,429	2,552	2,594
2,433	2,554	2,589
2,429	2,559	2,572
2,436	2,554	2,546
2,440	2,552	2,549
2,436	2,559	2,570
2,434	2,553	2,572
2,429	2,549	2,577
2,436	2,551	2,599
2,434	2,553	2,585
2,436	2,543	2,550
2,440	2,555	2,577
2,446	2,551	2,624
2,449	2,555	2,606
2,454	2,555	2,622
2,448	2,559	2,617
2,437	2,559	2,613
2,446	2,554	2,634
2,442	2,549	2,590
2,444	2,549	2,574
2,449	2,551	2,602
2,451	2,552	2,605
2,439	2,554	2,573
2,442	2,549	2,572
2,437	2,546	2,547
2,436	2,549	2,560
2,434	2,552	2,586
2,436	2,552	2,590
2,436	2,551	2,602
2,436	2,554	2,592
2,426	2,549	2,573
2,429	2,541	2,550
2,436	2,546	2,532
2,434	2,554	2,552
2,436	2,536	2,557
2,436	2,546	2,583
2,439	2,547	2,555
2,434	2,550	2,532
2,439	2,550	2,557
2,451	2,547	2,560
2,450	2,550	2,573
2,439	2,549	2,556
2,441	2,554	2,547
2,452	2,554	2,547
2,444	2,554	2,580
2,442	2,551	2,563
2,444	2,549	2,530
2,440	2,554	2,527
2,439	2,546	2,550
2,431	2,548	2,545
2,440	2,549	2,568
2,447	2,554	2,552
2,439	2,556	2,577
2,439	2,549	2,603
2,446	2,546	2,580
2,439	2,545	2,546
2,435	2,546	2,545
2,437	2,552	2,532
2,436	2,549	2,514
2,439	2,549	2,519
2,436	2,546	2,572
2,431	2,552	2,612
2,439	2,553	2,612
2,431	2,551	2,555
2,441	2,548	2,547
2,439	2,548	2,577
2,441	2,551	2,571
2,439	2,550	2,537
2,439	2,549	2,550
2,435	2,555	2,593
2,439	2,554	2,600
2,436	2,552	2,580
2,446	2,554	2,598
2,449	2,554	2,595
2,454	2,551	2,597
2,461	2,551	2,542
2,451	2,550	2,512
2,449	2,544	2,481
2,441	2,551	2,514
2,447	2,552	2,540
2,446	2,544	2,570
2,453	2,554	2,602
2,452	2,551	2,572
2,456	2,549	2,528
2,456	2,546	2,527
2,451	2,549	2,516
2,449	2,554	2,532
2,452	2,544	2,542
2,440	2,541	2,540
2,441	2,547	2,552
2,444	2,542	2,532
2,433	2,548	2,527
2,441	2,551	2,529
2,446	2,548	2,563
2,452	2,553	2,547
2,454	2,554	2,519
2,447	2,552	2,532
2,443	2,549	2,550
2,453	2,544	2,547
2,452	2,546	2,547
2,449	2,549	2,570
2,449	2,544	2,570
2,452	2,551	2,558
2,445	2,553	2,572
2,441	2,552	2,572
2,442	2,551	2,539
2,444	2,546	2,524
2,444	2,551	2,528
2,444	2,546	2,550
2,441	2,546	2,535
2,442	2,552	2,507
2,439	2,546	2,505
2,436	2,554	2,560
2,439	2,547	2,583
2,444	2,539	2,587
2,439	2,544	2,537
2,436	2,541	2,537
2,444	2,538	2,560
2,446	2,541	2,542
2,446	2,540	2,548
2,446	2,545	2,578
2,441	2,543	2,587
2,452	2,547	2,564
2,446	2,545	2,545
2,451	2,544	2,527
2,451	2,544	2,542
2,449	2,542	2,560
2,445	2,539	2,560
2,454	2,552	2,559
2,457	2,544	2,588
2,451	2,539	2,608
2,451	2,544	2,612
2,449	2,538	2,554
2,449	2,541	2,535
2,456	2,549	2,552
2,457	2,547	2,578
2,449	2,547	2,562
2,444	2,542	2,570
2,454	2,549	2,567
2,447	2,554	2,584
2,444	2,557	2,570
2,450	2,549	2,572
2,449	2,554	2,600
2,449	2,549	2,552
2,446	2,538	2,540
2,449	2,554	2,547
2,448	2,552	2,552
2,452	2,551	2,564
2,449	2,547	2,567
2,447	2,551	2,571
2,456	2,550	2,585
2,454	2,550	2,577
2,451	2,549	2,545
2,446	2,549	2,558
2,444	2,551	2,583
2,449	2,552	2,569
2,448	2,546	2,545
2,446	2,546	2,537
2,446	2,551	2,562
2,447	2,544	2,557
2,454	2,549	2,559
2,449	2,554	2,580
2,456	2,554	2,580
2,445	2,554	2,603
2,451	2,550	2,555
2,441	2,549	2,555
2,449	2,544	2,585
2,447	2,547	2,576
2,453	2,541	2,587
2,446	2,552	2,564
2,449	2,547	2,559
2,452	2,549	2,572
2,454	2,551	2,586
2,449	2,553	2,610
2,457	2,548	2,610
2,450	2,551	2,564
2,444	2,548	2,544
2,446	2,545	2,543
2,444	2,547	2,555
2,452	2,552	2,547
2,452	2,552	2,575
2,451	2,549	2,605
2,457	2,549	2,611
2,454	2,544	2,635
2,464	2,549	2,638
2,456	2,551	2,620
2,457	2,541	2,589
2,454	2,547	2,565
2,447	2,547	2,585
2,444	2,551	2,590
2,452	2,555	2,600
2,459	2,552	2,581
2,456	2,542	2,553
2,447	2,547	2,564
2,447	2,541	2,564
2,449	2,546	2,570
2,449	2,546	2,561
2,447	2,549	2,572
2,454	2,555	2,574
2,454	2,550	2,559
2,462	2,551	2,549
2,459	2,547	2,515
2,457	2,549	2,517
2,457	2,552	2,545
2,456	2,550	2,547
2,457	2,545	2,532
2,459	2,554	2,519
2,459	2,552	2,521
2,457	2,554	2,536
2,453	2,549	2,547
2,454	2,552	2,563
2,455	2,556	2,583
2,457	2,554	2,569
2,456	2,554	2,545
2,462	2,554	2,533
2,457	2,541	2,539
2,459	2,541	2,542
2,454	2,541	2,565
2,459	2,544	2,583
2,459	2,547	2,600
2,457	2,542	2,559
2,449	2,547	2,539
2,451	2,549	2,570
2,451	2,552	2,587
2,456	2,554	2,565
2,454	2,546	2,564
2,459	2,550	2,552
2,464	2,549	2,547
2,453	2,539	2,526
2,452	2,543	2,511
2,461	2,540	2,509
2,456	2,540	2,519
2,454	2,541	2,497
2,455	2,549	2,504
2,456	2,554	2,519
2,462	2,549	2,534
2,454	2,549	2,524
2,454	2,541	2,504
2,454	2,544	2,508
2,464	2,552	2,529
2,457	2,543	2,507
2,457	2,549	2,533
2,457	2,549	2,553
2,457	2,549	2,569
2,453	2,551	2,559
2,447	2,546	2,549
2,454	2,551	2,560
2,452	2,544	2,583
2,454	2,541	2,578
2,449	2,544	2,572
2,455	2,546	2,562
2,451	2,549	2,575
2,454	2,541	2,564
2,454	2,544	2,565
2,452	2,544	2,562
2,454	2,555	2,564
2,452	2,545	2,620
2,450	2,550	2,625
2,449	2,550	2,627
2,457	2,549	2,630
2,454	2,550	2,597
2,441	2,544	2,571
2,443	2,544	2,572
2,449	2,542	2,597
2,451	2,541	2,585
2,441	2,539	2,580
2,444	2,547	2,571
2,451	2,540	2,582
2,444	2,544	2,552
2,445	2,541	2,527
2,450	2,539	2,535
2,457	2,546	2,565
2,454	2,549	2,575
2,456	2,541	2,587
2,463	2,550	2,578
2,464	2,547	2,587
2,467	2,546	2,598
2,464	2,549	2,582
2,467	2,544	2,580
2,462	2,547	2,588
2,459	2,544	2,543
2,459	2,539	2,530
2,457	2,543	2,524
2,459	2,550	2,529
2,457	2,547	2,544
2,458	2,551	2,576
2,458	2,547	2,597
2,452	2,547	2,565
2,452	2,550	2,545
2,449	2,544	2,542
2,449	2,549	2,569
2,450	2,539	2,585
2,452	2,544	2,580
2,445	2,547	2,590
2,449	2,549	2,611
2,454	2,543	2,583
2,451	2,549	2,572
2,454	2,541	2,560
2,442	2,539	2,532
2,449	2,547	2,542
2,454	2,546	2,547
2,446	2,554	2,569
2,444	2,549	2,552
2,446	2,554	2,532
2,446	2,549	2,563
2,454	2,552	2,550
2,451	2,549	2,547
2,456	2,549	2,560
2,451	2,547	2,542
2,446	2,546	2,546
2,442	2,547	2,559
2,439	2,540	2,532
2,449	2,537	2,501
2,439	2,541	2,499
2,441	2,539	2,514
2,437	2,542	2,494
2,439	2,539	2,524
2,436	2,539	2,527
2,436	2,539	2,492
2,446	2,539	2,482
2,437	2,538	2,501
2,439	2,544	2,519
2,435	2,546	2,502
2,447	2,544	2,486
2,449	2,554	2,499
2,444	2,554	2,520
2,443	2,543	2,538
2,443	2,546	2,572
2,446	2,544	2,570
2,452	2,544	2,527
2,451	2,546	2,489
2,439	2,544	2,507
2,442	2,550	2,558
2,439	2,541	2,551
2,430	2,539	2,564
2,437	2,537	2,547
2,439	2,543	2,514
2,436	2,541	2,531
2,434	2,538	2,524
2,441	2,540	2,559
2,439	2,538	2,587
2,437	2,542	2,600
2,439	2,539	2,611
2,439	2,541	2,585
2,433	2,544	2,544
2,441	2,542	2,532
2,444	2,539	2,497
2,449	2,541	2,507
2,444	2,539	2,514
2,434	2,533	2,507
2,439	2,534	2,519
2,448	2,538	2,533
2,457	2,537	2,517
2,456	2,536	2,494
2,452	2,539	2,502
2,451	2,544	2,519
2,451	2,539	2,537
2,449	2,539	2,527
2,452	2,547	2,560
2,446	2,542	2,572
2,444	2,544	2,577
2,444	2,541	2,535
2,441	2,533	2,529
2,437	2,540	2,526
2,436	2,545	2,552
2,446	2,550	2,526
2,446	2,541	2,502
2,449	2,544	2,542
2,446	2,542	2,557
2,444	2,539	2,532
2,447	2,541	2,553
2,446	2,541	2,582
2,444	2,547	2,580
2,439	2,544	2,590
2,436	2,539	2,562
2,450	2,538	2,561
2,446	2,539	2,552
2,439	2,541	2,569
2,436	2,541	2,557
2,446	2,538	2,579
2,439	2,536	2,596
2,444	2,539	2,589
2,444	2,539	2,577
2,449	2,544	2,577
2,454	2,546	2,555
2,446	2,539	2,519
2,449	2,539	2,499
2,443	2,534	2,514
2,449	2,539	2,560
2,446	2,534	2,541
2,454	2,543	2,557
2,454	2,545	2,572
2,452	2,541	2,567
2,449	2,539	2,576
2,444	2,539	2,596
2,441	2,537	2,577
2,444	2,537	2,577
2,443	2,538	2,559
2,441	2,539	2,564
2,450	2,539	2,586
2,450	2,541	2,612
2,451	2,539	2,629
2,451	2,536	2,632
2,443	2,537	2,629
2,443	2,534	2,647
2,444	2,536	2,652
2,439	2,537	2,613
2,446	2,539	2,600
2,449	2,534	2,618
2,444	2,539	2,627
2,449	2,544	2,605
2,441	2,539	2,610
2,449	2,539	2,637
2,444	2,537	2,642
2,454	2,539	2,632
2,453	2,546	2,629
2,450	2,538	2,630
2,454	2,543	2,633
2,444	2,542	2,607
2,446	2,538	2,602
2,441	2,535	2,625
2,453	2,538	2,639
2,454	2,544	2,640
2,447	2,539	2,604
2,441	2,539	2,609
2,439	2,537	2,590
2,444	2,539	2,595
2,444	2,546	2,603
2,444	2,539	2,627
2,439	2,538	2,642
2,444	2,537	2,638
2,444	2,539	2,638
2,439	2,539	2,617
2,447	2,532	2,610
2,436	2,534	2,583
2,441	2,536	2,597
2,446	2,539	2,621
2,449	2,537	2,605
2,443	2,539	2,602
2,449	2,539	2,595
2,452	2,538	2,585
2,457	2,541	2,606
2,446	2,546	2,622
2,446	2,535	2,632
2,448	2,540	2,637
2,446	2,542	2,649
2,449	2,539	2,635
2,460	2,538	2,635
2,457	2,549	2,620
2,457	2,540	2,612
2,455	2,542	2,619
2,452	2,544	2,589
2,451	2,544	2,609
2,450	2,544	2,614
2,457	2,542	2,597
2,447	2,544	2,586
2,464	2,541	2,580
2,458	2,537	2,559
2,454	2,531	2,539
2,457	2,539	2,521
2,452	2,537	2,547
2,452	2,538	2,532
2,450	2,539	2,552
2,459	2,537	2,550
2,457	2,539	2,534
2,462	2,537	2,542
2,464	2,539	2,527
2,456	2,539	2,502
2,456	2,539	2,519
2,448	2,532	2,525
2,444	2,531	2,522
2,442	2,538	2,529
2,451	2,535	2,548
2,454	2,538	2,547
2,453	2,530	2,533
2,451	2,538	2,552
2,444	2,537	2,559
2,436	2,542	2,557
2,449	2,539	2,551
2,452	2,534	2,553
2,456	2,534	2,580
2,445	2,539	2,594
2,444	2,534	2,580
2,441	2,532	2,573
2,439	2,526	2,600
2,439	2,533	2,612
2,435	2,532	2,594
2,436	2,534	2,575
2,437	2,536	2,559
2,436	2,532	2,544
2,436	2,534	2,526
2,436	2,535	2,524
2,426	2,534	2,542
2,434	2,537	2,578
2,436	2,537	2,577
2,447	2,534	2,557
2,437	2,539	2,537
2,439	2,531	2,539
2,441	2,535	2,547
2,431	2,533	2,556
2,426	2,526	2,539
2,429	2,538	2,527
2,439	2,526	2,507
2,436	2,527	2,507
2,441	2,527	2,512
2,450	2,532	2,517
2,444	2,532	2,515
2,449	2,534	2,531
2,449	2,534	2,552
2,454	2,536	2,532
2,463	2,532	2,537
2,456	2,539	2,531
2,457	2,536	2,515
2,454	2,539	2,502
2,456	2,537	2,497
2,462	2,534	2,501
2,457	2,539	2,530
2,453	2,537	2,567
2,454	2,537	2,592
2,452	2,532	2,603
2,454	2,532	2,623
2,449	2,534	2,601
2,447	2,537	2,585
2,454	2,534	2,577
2,451	2,534	2,567
2,451	2,532	2,581
2,454	2,534	2,575
2,457	2,530	2,564
2,454	2,531	2,562
2,453	2,535	2,575
2,456	2,535	2,598
2,449	2,535	2,584
2,449	2,534	2,580
2,451	2,539	2,585
2,452	2,539	2,610
2,452	2,534	2,608
2,442	2,526	2,617
2,446	2,526	2,617
2,451	2,526	2,602
2,456	2,532	2,567
2,449	2,536	2,578
2,443	2,529	2,602
2,446	2,534	2,602
2,439	2,531	2,595
2,449	2,534	2,582
2,449	2,535	2,585
2,444	2,529	2,563
2,436	2,527	2,552
2,436	2,531	2,542
2,436	2,537	2,561
2,436	2,534	2,583
2,444	2,539	2,582
2,436	2,528	2,580
2,438	2,531	2,577
2,439	2,529	2,569
2,441	2,528	2,552
2,439	2,524	2,547
2,439	2,525	2,534
2,439	2,521	2,522
2,439	2,525	2,540
2,437	2,527	2,562
2,434	2,527	2,557
2,436	2,527	2,560
2,434	2,527	2,551
2,431	2,527	2,562
2,432	2,527	2,568
2,431	2,529	2,567
2,434	2,519	2,542
2,431	2,524	2,515
2,434	2,527	2,527
2,435	2,527	2,547
2,436	2,531	2,560
2,432	2,530	2,588
2,436	2,527	2,592
2,431	2,524	2,585
2,435	2,522	2,605
2,439	2,524	2,608
2,442	2,524	2,597
2,442	2,527	2,577
2,441	2,520	2,597
2,449	2,523	2,602
2,441	2,522	2,609
2,441	2,526	2,561
2,436	2,520	2,547
2,437	2,525	2,551
2,436	2,529	2,557
2,441	2,522	2,550
2,438	2,524	2,558
2,434	2,524	2,577
2,430	2,530	2,587
2,432	2,527	2,585
2,434	2,532	2,585
2,429	2,529	2,575
2,431	2,531	2,560
2,442	2,529	2,560
2,436	2,532	2,564
2,440	2,532	2,581
2,439	2,537	2,592
2,449	2,534	2,590
2,444	2,534	2,552
2,446	2,539	2,555
2,450	2,534	2,566
2,437	2,529	2,559
2,444	2,532	2,560
2,452	2,537	2,589
2,451	2,536	2,572
2,448	2,535	2,557
2,459	2,529	2,554
2,467	2,535	2,560
2,467	2,541	2,554
2,467	2,532	2,557
2,454	2,533	2,572
2,461	2,537	2,562
2,468	2,537	2,557
2,472	2,538	2,567
2,472	2,539	2,546
2,466	2,536	2,534
2,466	2,541	2,558
2,458	2,542	2,547
2,464	2,541	2,539
2,472	2,539	2,565
2,471	2,541	2,574
2,469	2,547	2,580
2,475	2,542	2,589
2,469	2,539	2,597
2,464	2,542	2,615
2,467	2,538	2,592
2,464	2,539	2,590
2,466	2,538	2,582
2,464	2,539	2,567
2,465	2,536	2,570
2,462	2,532	2,551
2,461	2,536	2,572
2,467	2,538	2,564
2,464	2,530	2,541
2,457	2,539	2,532
2,459	2,540	2,539
2,461	2,538	2,529
2,457	2,539	2,538
2,462	2,538	2,547
2,459	2,540	2,539
2,464	2,537	2,552
2,465	2,539	2,552
2,467	2,539	2,546
2,462	2,532	2,548
2,466	2,532	2,530
2,471	2,534	2,542
2,467	2,533	2,557
2,461	2,529	2,546
2,462	2,537	2,522
2,464	2,534	2,527
2,459	2,526	2,495
2,452	2,524	2,492
2,449	2,527	2,457
2,448	2,532	2,462
2,455	2,526	2,472
2,454	2,532	2,482
2,459	2,534	2,496
2,454	2,526	2,489
2,458	2,529	2,472
2,449	2,534	2,481
2,447	2,523	2,499
2,449	2,536	2,508
2,447	2,532	2,527
2,455	2,526	2,509
2,464	2,533	2,500
2,460	2,531	2,499
2,457	2,532	2,515
2,454	2,534	2,511
2,454	2,534	2,521
2,451	2,527	2,497
2,454	2,531	2,512
2,456	2,529	2,518
2,456	2,532	2,522
2,457	2,529	2,527
2,459	2,526	2,524
2,448	2,526	2,529
2,446	2,527	2,519
2,444	2,529	2,526
2,452	2,529	2,516
2,457	2,537	2,519
2,459	2,529	2,516
2,456	2,527	2,537
2,463	2,529	2,524
2,466	2,529	2,510
2,471	2,529	2,502
2,474	2,529	2,506
2,459	2,527	2,507
2,467	2,527	2,502
2,461	2,521	2,521
2,465	2,522	2,553
2,469	2,530	2,535
2,471	2,531	2,527
2,469	2,530	2,509
2,467	2,540	2,539
2,460	2,537	2,582
2,462	2,534	2,585
2,464	2,532	2,569
2,472	2,534	2,579
2,474	2,536	2,572
2,472	2,534	2,578
2,479	2,529	2,577
2,472	2,539	2,600
2,471	2,531	2,602
2,469	2,535	2,593
2,472	2,536	2,629
2,474	2,538	2,635
2,480	2,539	2,640
2,469	2,541	2,627
2,474	2,538	2,595
2,467	2,539	2,567
2,464	2,544	2,589
2,470	2,539	2,597
2,469	2,542	2,590
2,472	2,544	2,576
2,469	2,541	2,595
2,461	2,541	2,589
2,466	2,535	2,590
2,471	2,540	2,568
2,466	2,540	2,553
2,464	2,539	2,564
2,461	2,539	2,564
2,466	2,532	2,554
2,451	2,534	2,546
2,452	2,529	2,539
2,451	2,527	2,531
2,454	2,534	2,532
2,446	2,526	2,532
2,451	2,532	2,518
2,438	2,527	2,519
2,444	2,526	2,502
2,438	2,524	2,489
2,442	2,527	2,481
2,444	2,527	2,494
2,436	2,522	2,482
2,433	2,519	2,471
2,433	2,521	2,464
2,431	2,517	2,469
2,435	2,512	2,470
2,424	2,527	2,469
2,436	2,524	2,462
2,422	2,519	2,466
2,421	2,524	2,476
2,421	2,519	2,489
2,424	2,513	2,489
2,421	2,516	2,479
2,421	2,512	2,474
2,420	2,518	2,514
2,425	2,518	2,532
2,418	2,518	2,549
2,424	2,517	2,547
2,414	2,515	2,530
2,418	2,514	2,522
2,413	2,512	2,517
2,421	2,514	2,519
2,427	2,516	2,527
2,421	2,512	2,520
2,421	2,512	2,519
2,411	2,511	2,547
2,421	2,511	2,569
2,422	2,512	2,549
2,419	2,512	2,522
2,421	2,511	2,504
2,431	2,512	2,529
2,421	2,512	2,564
2,424	2,517	2,566
2,424	2,522	2,575
2,429	2,514	2,547
2,423	2,519	2,550
2,419	2,516	2,552
2,413	2,512	2,511
2,416	2,508	2,507
2,414	2,509	2,504
2,414	2,516	2,516
2,421	2,520	2,532
2,429	2,521	2,533
2,424	2,525	2,532
2,417	2,520	2,505
2,418	2,517	2,518
2,414	2,522	2,514
2,421	2,519	2,503
2,428	2,524	2,545
2,424	2,524	2,559
2,424	2,521	2,577
2,423	2,527	2,558
2,427	2,519	2,565
2,424	2,521	2,552
2,426	2,519	2,529
2,420	2,514	2,502
2,427	2,514	2,524
2,431	2,519	2,562
2,429	2,526	2,557
2,418	2,517	2,535
2,419	2,519	2,567
2,418	2,514	2,532
2,411	2,516	2,514
2,412	2,514	2,534
2,414	2,519	2,539
2,416	2,515	2,518
2,414	2,516	2,519
2,424	2,525	2,519
2,413	2,524	2,519
2,416	2,522	2,524
2,426	2,521	2,527
2,419	2,522	2,527
2,419	2,527	2,532
2,418	2,519	2,514
2,421	2,519	2,514
2,421	2,524	2,542
2,424	2,524	2,527
2,429	2,524	2,526
2,436	2,527	2,532
2,436	2,521	2,558
2,430	2,521	2,555
2,426	2,524	2,547
2,426	2,524	2,550
2,434	2,524	2,580
2,434	2,532	2,598
2,437	2,526	2,615
2,436	2,530	2,617
2,434	2,527	2,567
2,429	2,524	2,547
2,429	2,524	2,566
2,429	2,524	2,539
2,434	2,521	2,539
2,434	2,519	2,553
2,429	2,523	2,570
2,436	2,517	2,556
2,436	2,520	2,575
2,430	2,521	2,572
2,427	2,523	2,577
2,421	2,520	2,593
2,427	2,516	2,595
2,429	2,524	2,592
2,431	2,522	2,577
2,425	2,521	2,595
2,426	2,524	2,630
2,426	2,524	2,645
2,424	2,524	2,634
2,418	2,526	2,627
2,421	2,516	2,622
2,421	2,527	2,641
2,423	2,524	2,652
2,421	2,524	2,655
2,418	2,519	2,663
2,419	2,519	2,665
2,419	2,524	2,644
2,417	2,527	2,647
2,424	2,522	2,660
2,423	2,521	2,655
2,421	2,522	2,630
2,418	2,526	2,617
2,413	2,525	2,638
2,421	2,509	2,647
2,415	2,514	2,640
2,413	2,525	2,638
2,414	2,524	2,622
2,411	2,525	2,619
2,408	2,525	2,620
2,412	2,517	2,627
2,404	2,522	2,623
2,409	2,516	2,620
2,406	2,519	2,629
2,413	2,516	2,602
2,411	2,522	2,596
2,416	2,519	2,610
2,418	2,514	2,642
2,418	2,519	2,637
2,421	2,517	2,625
2,421	2,519	2,641
2,424	2,524	2,638
2,424	2,521	2,627
2,434	2,527	2,640
2,434	2,527	2,629
2,429	2,527	2,606
2,431	2,529	2,589
2,428	2,526	2,622
2,434	2,527	2,635
2,437	2,527	2,601
2,442	2,522	2,590
2,436	2,515	2,599
2,436	2,525	2,612
2,441	2,524	2,615
2,430	2,528	2,589
2,436	2,523	2,598
2,447	2,527	2,597
2,441	2,524	2,585
2,442	2,525	2,598
2,440	2,526	2,590
2,436	2,519	2,585
2,429	2,526	2,589
2,437	2,527	2,587
2,441	2,527	2,577
2,431	2,524	2,547
2,436	2,521	2,572
2,437	2,522	2,582
2,436	2,526	2,595
2,426	2,521	2,598
2,431	2,527	2,590
2,434	2,529	2,612
2,433	2,527	2,610
2,428	2,527	2,620
2,429	2,526	2,636
2,431	2,524	2,640
2,439	2,526	2,632
2,437	2,524	2,622
2,439	2,529	2,609
2,435	2,529	2,576
2,451	2,526	2,572
2,449	2,529	2,600
2,449	2,529	2,589
2,451	2,525	2,568
2,450	2,530	2,552
2,444	2,531	2,574
2,439	2,530	2,583
2,444	2,527	2,602
2,436	2,526	2,618
2,432	2,527	2,637
2,429	2,524	2,630
2,435	2,527	2,623
2,432	2,526	2,620
2,434	2,526	2,602
2,436	2,529	2,610
2,438	2,527	2,605
2,438	2,524	2,590
2,441	2,527	2,575
2,439	2,527	2,605
2,439	2,521	2,610
2,436	2,522	2,602
2,435	2,527	2,585
2,439	2,522	2,577
2,436	2,514	2,585
2,436	2,520	2,577
2,444	2,519	2,578
2,439	2,524	2,572
2,436	2,516	2,567
2,435	2,520	2,582
2,436	2,522	2,600
2,439	2,523	2,615
2,439	2,526	2,634
2,436	2,525	2,648
2,436	2,525	2,650
2,436	2,522	2,662
2,436	2,527	2,667
2,436	2,527	2,657
2,436	2,522	2,647
2,444	2,524	2,650
2,444	2,527	2,643
2,450	2,526	2,640
2,436	2,524	2,660
2,454	2,521	2,672
2,444	2,524	2,655
2,449	2,526	2,655
2,450	2,529	2,633
2,449	2,521	2,623
2,449	2,524	2,602
2,444	2,527	2,600
2,441	2,527	2,605
2,434	2,516	2,579
2,441	2,519	2,585
2,442	2,521	2,616
2,444	2,527	2,612
2,449	2,516	2,622
2,444	2,528	2,645
2,451	2,527	2,657
2,456	2,526	2,638
2,449	2,528	2,622
2,455	2,529	2,640
2,454	2,527	2,629
2,457	2,524	2,625
2,451	2,524	2,622
2,454	2,529	2,610
2,448	2,526	2,616
2,452	2,527	2,600
2,461	2,527	2,612
2,456	2,532	2,630
2,456	2,531	2,634
2,453	2,526	2,597
2,454	2,527	2,579
2,454	2,529	2,590
2,459	2,535	2,572
2,459	2,527	2,557
2,453	2,527	2,570
2,446	2,530	2,602
2,445	2,527	2,607
2,449	2,529	2,615
2,444	2,527	2,595
2,449	2,524	2,600
2,446	2,527	2,585
2,438	2,523	2,557
2,441	2,524	2,546
2,447	2,526	2,566
2,444	2,530	2,585
2,446	2,531	2,598
2,443	2,526	2,567
2,439	2,527	2,545
2,441	2,527	2,557
2,436	2,527	2,560
2,436	2,529	2,547
2,431	2,526	2,569
2,436	2,526	2,593
2,440	2,527	2,620
2,444	2,529	2,642
2,447	2,526	2,647
2,449	2,533	2,655
2,447	2,527	2,639
2,437	2,529	2,592
2,436	2,526	2,572
2,442	2,526	2,589
2,434	2,524	2,595
2,441	2,527	2,596
2,441	2,522	2,589
2,449	2,524	2,650
2,452	2,529	2,682
2,454	2,529	2,666
2,449	2,524	2,612
2,441	2,522	2,589
2,440	2,532	2,584
2,447	2,529	2,602
2,446	2,535	2,635
2,450	2,532	2,655
2,446	2,527	2,630
2,444	2,528	2,604
2,432	2,527	2,627
2,439	2,525	2,641
2,441	2,527	2,644
2,439	2,527	2,649
2,436	2,537	2,630
2,436	2,527	2,602
2,436	2,532	2,617
2,435	2,532	2,600
2,434	2,526	2,562
2,436	2,527	2,560
2,441	2,529	2,580
2,449	2,526	2,588
2,434	2,531	2,592
2,439	2,529	2,602
2,436	2,529	2,560
2,437	2,532	2,538
2,436	2,526	2,554
2,436	2,534	2,564
2,439	2,539	2,560
2,438	2,534	2,574
2,441	2,537	2,603
2,436	2,532	2,629
2,434	2,527	2,634
2,436	2,538	2,635
2,448	2,530	2,650
2,441	2,531	2,651
2,447	2,537	2,655
2,444	2,534	2,625
2,446	2,529	2,588
2,439	2,539	2,573
2,431	2,529	2,550
2,433	2,526	2,520
2,446	2,529	2,539
2,446	2,529	2,567
2,446	2,529	2,576
2,436	2,531	2,610
2,433	2,532	2,592
2,431	2,537	2,605
2,436	2,534	2,610
2,434	2,536	2,602
2,436	2,532	2,617
2,436	2,527	2,622
2,433	2,532	2,640
2,437	2,536	2,637
2,437	2,534	2,615
2,431	2,532	2,582
2,431	2,529	2,612
2,433	2,534	2,597
2,437	2,539	2,584
2,434	2,534	2,585
2,437	2,538	2,583
2,447	2,533	2,583
2,447	2,533	2,590
2,440	2,538	2,552
2,441	2,534	2,557
2,437	2,532	2,552
2,440	2,544	2,577
2,441	2,539	2,593
2,439	2,537	2,610
2,440	2,536	2,642
2,435	2,541	2,637
2,434	2,532	2,610
2,432	2,531	2,578
2,436	2,539	2,564
2,439	2,538	2,557
2,441	2,534	2,545
2,431	2,532	2,545
2,434	2,534	2,575
2,434	2,529	2,572
2,436	2,537	2,580
2,434	2,527	2,590
2,431	2,532	2,586
2,427	2,531	2,576
2,451	2,527	2,552
2,451	2,529	2,567
2,441	2,529	2,564
2,441	2,524	2,576
2,432	2,535	2,607
2,439	2,533	2,624
2,433	2,539	2,660
2,439	2,540	2,664
2,436	2,539	2,624
2,441	2,542	2,607
2,444	2,542	2,615
2,443	2,539	2,615
2,441	2,534	2,595
2,442	2,536	2,609
2,439	2,534	2,604
2,437	2,526	2,583
2,437	2,532	2,572
2,436	2,532	2,547
2,437	2,534	2,532
2,437	2,536	2,529
2,436	2,538	2,547
2,436	2,534	2,582
2,444	2,544	2,579
2,438	2,539	2,585
2,437	2,537	2,587
2,434	2,538	2,589
2,429	2,534	2,572
2,435	2,534	2,560
2,444	2,537	2,582
2,441	2,539	2,607
2,442	2,529	2,617
2,441	2,538	2,583
2,434	2,528	2,555
2,429	2,528	2,527
2,436	2,538	2,527
2,437	2,531	2,534
2,437	2,537	2,533
2,441	2,530	2,532
2,436	2,537	2,542
2,446	2,530	2,542
2,437	2,534	2,537
2,436	2,531	2,558
2,439	2,529	2,557
2,436	2,534	2,564
2,436	2,526	2,552
2,434	2,529	2,544
2,441	2,532	2,533
2,439	2,529	2,547
2,434	2,537	2,565
2,439	2,532	2,547
2,436	2,532	2,572
2,446	2,532	2,597
2,450	2,538	2,571
2,451	2,534	2,562
2,452	2,535	2,559
2,454	2,534	2,561
2,457	2,534	2,572
2,453	2,531	2,575
2,449	2,535	2,540
2,444	2,529	2,539
2,449	2,533	2,547
2,446	2,531	2,522
2,452	2,531	2,517
2,449	2,529	2,507
2,448	2,530	2,475
2,441	2,527	2,510
2,446	2,532	2,534
2,444	2,534	2,539
2,436	2,529	2,494
2,440	2,532	2,484
2,431	2,529	2,482
2,436	2,524	2,504
2,439	2,529	2,489
2,441	2,527	2,492
2,444	2,526	2,530
2,447	2,524	2,565
2,445	2,524	2,552
2,439	2,527	2,539
2,446	2,527	2,563
2,447	2,527	2,560
2,449	2,534	2,527
2,446	2,534	2,532
2,446	2,534	2,524
2,442	2,529	2,546
2,436	2,534	2,537
2,434	2,529	2,522
2,433	2,530	2,510
2,436	2,533	2,475
2,436	2,529	2,487
2,439	2,527	2,519
2,446	2,528	2,539
2,451	2,527	2,532
2,440	2,530	2,544
2,450	2,526	2,533
2,454	2,527	2,525
2,449	2,524	2,519
2,447	2,524	2,506
2,444	2,532	2,511
2,451	2,527	2,530
2,457	2,526	2,521
2,462	2,532	2,520
2,454	2,526	2,519
2,441	2,529	2,500
2,441	2,530	2,497
2,444	2,527	2,479
2,447	2,527	2,494
2,444	2,529	2,529
2,449	2,529	2,557
2,444	2,534	2,557
2,439	2,529	2,547
2,436	2,524	2,540
2,437	2,526	2,540
2,437	2,529	2,534
2,439	2,522	2,539
2,441	2,525	2,552
2,444	2,530	2,575
2,446	2,524	2,594
2,437	2,530	2,595
2,434	2,526	2,605
2,436	2,527	2,593
2,439	2,527	2,561
2,439	2,529	2,587
2,446	2,529	2,570
2,441	2,527	2,527
2,436	2,529	2,525
2,441	2,527	2,539
2,446	2,524	2,563
2,446	2,529	2,567
2,451	2,534	2,595
2,448	2,527	2,612
2,454	2,534	2,612
2,449	2,532	2,582
2,436	2,527	2,534
2,436	2,527	2,545
2,439	2,527	2,550
2,436	2,529	2,522
2,437	2,527	2,534
2,433	2,532	2,547
2,436	2,534	2,531
2,435	2,537	2,535
2,436	2,531	2,555
2,445	2,536	2,585
2,445	2,537	2,589
2,439	2,535	2,555
2,441	2,536	2,552
2,446	2,536	2,572
2,446	2,539	2,602
2,449	2,535	2,600
2,442	2,532	2,620
2,444	2,530	2,629
2,436	2,527	2,635
2,432	2,529	2,602
2,441	2,532	2,605
2,438	2,534	2,588
2,436	2,519	2,547
2,434	2,526	2,529
2,434	2,537	2,535
2,443	2,527	2,560
2,433	2,536	2,578
2,426	2,531	2,560
2,429	2,529	2,564
2,431	2,529	2,547
2,426	2,537	2,539
2,433	2,534	2,529
2,434	2,539	2,499
2,429	2,526	2,501
2,434	2,529	2,512
2,434	2,528	2,524
2,431	2,524	2,555
2,434	2,531	2,537
2,429	2,530	2,494
2,426	2,529	2,507
2,436	2,528	2,527
2,439	2,532	2,537
2,436	2,532	2,547
2,437	2,537	2,567
2,441	2,537	2,582
2,442	2,532	2,559
2,431	2,527	2,540
2,437	2,532	2,545
2,434	2,529	2,573
2,436	2,529	2,590
2,450	2,531	2,570
2,449	2,531	2,562
2,459	2,534	2,562
2,459	2,531	2,564
2,456	2,539	2,562
2,461	2,532	2,547
2,456	2,530	2,526
2,450	2,532	2,532
2,456	2,529	2,532
2,454	2,526	2,536
2,454	2,534	2,547
2,456	2,532	2,532
2,458	2,532	2,527
2,457	2,533	2,502
2,462	2,530	2,508
2,462	2,536	2,506
2,461	2,537	2,499
2,456	2,533	2,519
2,459	2,532	2,521
2,457	2,534	2,530
2,449	2,529	2,532
2,456	2,534	2,539
2,468	2,534	2,527
2,464	2,534	2,533
2,472	2,544	2,539
2,462	2,542	2,532
2,457	2,538	2,555
2,459	2,536	2,589
2,459	2,539	2,559
2,458	2,531	2,552
2,457	2,532	2,544
2,457	2,532	2,532
2,457	2,532	2,567
2,459	2,527	2,542
2,460	2,532	2,519
2,457	2,531	2,531
2,449	2,526	2,552
2,456	2,532	2,545
2,457	2,539	2,547
2,457	2,538	2,551
2,459	2,539	2,544
2,458	2,540	2,557
2,457	2,538	2,554
2,449	2,540	2,547
2,454	2,545	2,552
2,444	2,545	2,580
2,445	2,539	2,595
2,446	2,537	2,552
2,452	2,534	2,564
2,446	2,531	2,541
2,446	2,539	2,557
2,443	2,539	2,608
2,449	2,541	2,613
2,442	2,543	2,577
2,449	2,539	2,564
2,454	2,541	2,587
2,451	2,539	2,596
2,443	2,534	2,580
2,450	2,539	2,579
2,447	2,538	2,550
2,441	2,537	2,560
2,442	2,537	2,561
2,444	2,536	2,564
2,452	2,537	2,580
2,439	2,534	2,545
2,444	2,539	2,554
2,449	2,539	2,552
2,451	2,531	2,547
2,446	2,536	2,545
2,439	2,535	2,557
2,435	2,541	2,553
2,444	2,539	2,544
2,436	2,539	2,514
2,433	2,539	2,525
2,436	2,539	2,547
2,429	2,539	2,552
2,436	2,534	2,564
2,441	2,539	2,572
2,444	2,539	2,564
2,441	2,534	2,550
2,447	2,533	2,537
2,441	2,538	2,560
2,448	2,537	2,559
2,437	2,537	2,534
2,439	2,536	2,548
2,434	2,529	2,514
2,436	2,542	2,488
2,441	2,535	2,474
2,433	2,537	2,467
2,432	2,534	2,496
2,436	2,531	2,491
2,434	2,534	2,491
2,428	2,534	2,502
2,436	2,533	2,509
2,428	2,536	2,494
2,437	2,530	2,502
2,436	2,538	2,514
2,436	2,539	2,534
2,435	2,536	2,559
2,435	2,539	2,577
2,436	2,537	2,610
2,439	2,537	2,622
2,439	2,539	2,617
2,436	2,534	2,624
2,432	2,531	2,622
2,428	2,537	2,629
2,432	2,532	2,607
2,436	2,538	2,603
2,441	2,536	2,606
2,437	2,534	2,612
2,439	2,536	2,617
2,440	2,539	2,625
2,449	2,536	2,619
2,446	2,537	2,593
2,444	2,532	2,585
2,439	2,534	2,572
2,440	2,529	2,545
2,444	2,529	2,572
2,437	2,529	2,602
2,439	2,534	2,588
2,441	2,532	2,585
2,439	2,535	2,569
2,439	2,533	2,541
2,437	2,526	2,539
2,439	2,529	2,567
2,439	2,525	2,572
2,439	2,535	2,536
2,439	2,532	2,540
2,447	2,539	2,557
2,436	2,536	2,564
2,442	2,534	2,565
2,444	2,534	2,552
2,444	2,532	2,572
2,443	2,529	2,543
2,449	2,526	2,532
2,448	2,526	2,532
2,452	2,534	2,516
2,451	2,526	2,519
2,452	2,529	2,507
2,446	2,529	2,500
2,445	2,532	2,494
2,449	2,537	2,514
2,452	2,531	2,529
2,457	2,532	2,547
2,444	2,532	2,531
2,441	2,532	2,541
2,441	2,526	2,555
2,440	2,527	2,555
2,442	2,520	2,542
2,441	2,529	2,539
2,444	2,530	2,538
2,438	2,529	2,542
2,441	2,530	2,546
2,436	2,525	2,537
2,444	2,532	2,526
2,439	2,525	2,515
2,431	2,529	2,519
2,429	2,524	2,518
2,436	2,527	2,512
2,436	2,527	2,506
2,439	2,519	2,537
2,436	2,521	2,542
2,439	2,524	2,547
2,436	2,519	2,544
2,442	2,519	2,540
2,436	2,524	2,540
2,436	2,524	2,539
2,441	2,522	2,542
2,436	2,527	2,552
2,439	2,517	2,554
2,439	2,521	2,535
2,439	2,521	2,539
2,439	2,521	2,555
2,444	2,517	2,575
2,444	2,516	2,578
2,441	2,521	2,577
2,445	2,512	2,580
2,447	2,511	2,554
2,436	2,517	2,555
2,436	2,523	2,547
2,428	2,524	2,559
2,436	2,527	2,575
2,439	2,514	2,578
2,444	2,519	2,548
2,441	2,522	2,542
2,441	2,522	2,570
2,441	2,527	2,564
2,439	2,521	2,590
2,450	2,526	2,598
2,451	2,527	2,575
2,444	2,526	2,564
2,447	2,526	2,577
2,439	2,524	2,541
2,450	2,526	2,555
2,444	2,527	2,560
2,442	2,527	2,544
2,441	2,526	2,560
2,447	2,527	2,550
2,444	2,529	2,547
2,441	2,527	2,539
2,445	2,527	2,516
2,444	2,522	2,492
2,439	2,528	2,495
2,436	2,527	2,514
2,436	2,525	2,499
2,434	2,529	2,488
2,424	2,526	2,484
2,433	2,522	2,499
2,434	2,529	2,489
2,436	2,529	2,502
2,436	2,527	2,521
2,434	2,527	2,501
2,435	2,526	2,487
2,436	2,524	2,491
2,436	2,524	2,532
2,436	2,521	2,514
2,436	2,521	2,522
2,436	2,524	2,517
2,428	2,521	2,516
2,437	2,525	2,504
2,429	2,521	2,502
2,431	2,527	2,528
2,434	2,524	2,534
2,441	2,524	2,507
2,436	2,522	2,503
2,432	2,521	2,519
2,434	2,529	2,524
2,424	2,537	2,537
2,427	2,527	2,532
2,438	2,532	2,539
2,434	2,529	2,525
2,442	2,530	2,535
2,436	2,529	2,517
2,436	2,527	2,514
2,440	2,527	2,532
2,436	2,530	2,551
2,437	2,527	2,554
2,437	2,529	2,541
2,431	2,532	2,537
2,436	2,529	2,522
2,432	2,537	2,526
2,435	2,532	2,539
2,431	2,529	2,509
2,439	2,529	2,495
2,439	2,526	2,508
2,444	2,529	2,519
2,455	2,529	2,532
2,457	2,532	2,527
2,457	2,530	2,514
2,457	2,524	2,527
2,457	2,527	2,535
2,449	2,534	2,539
2,446	2,532	2,522
2,452	2,539	2,520
2,449	2,541	2,528
2,452	2,533	2,527
2,456	2,544	2,529
2,457	2,540	2,565
2,456	2,538	2,564
2,449	2,540	2,560
2,449	2,538	2,545
2,452	2,544	2,552
2,449	2,541	2,557
2,444	2,539	2,559
2,447	2,537	2,568
2,440	2,536	2,580
2,451	2,532	2,567
2,449	2,537	2,577
2,456	2,536	2,551
2,456	2,531	2,572
2,457	2,541	2,573
2,456	2,536	2,567
2,452	2,539	2,559
2,457	2,541	2,559
2,461	2,539	2,567
2,453	2,535	2,589
2,456	2,539	2,592
2,455	2,541	2,600
2,457	2,534	2,590
2,451	2,536	2,580
2,452	2,537	2,582
2,451	2,536	2,585
2,449	2,527	2,567
2,446	2,535	2,580
2,450	2,530	2,584
2,446	2,530	2,585
2,441	2,528	2,597
2,442	2,536	2,582
2,451	2,535	2,575
2,448	2,539	2,572
2,440	2,534	2,553
2,446	2,529	2,554
2,446	2,531	2,573
2,445	2,537	2,555
2,445	2,529	2,554
2,446	2,526	2,577
2,447	2,527	2,561
2,441	2,531	2,546
2,436	2,529	2,547
2,440	2,527	2,562
2,444	2,527	2,532
2,442	2,524	2,518
2,437	2,529	2,514
2,431	2,532	2,523
2,436	2,529	2,526
2,439	2,527	2,514
2,442	2,525	2,521
2,439	2,531	2,535
2,449	2,527	2,552
2,442	2,522	2,572
2,441	2,530	2,572
2,434	2,529	2,574
2,436	2,528	2,545
2,442	2,528	2,529
2,444	2,527	2,552
2,446	2,528	2,573
2,439	2,527	2,570
2,436	2,524	2,592
2,437	2,527	2,590
2,431	2,527	2,592
2,434	2,529	2,597
2,434	2,524	2,562
2,434	2,523	2,532
2,438	2,532	2,573
2,436	2,532	2,572
2,436	2,529	2,565
2,436	2,539	2,567
2,431	2,532	2,559
2,436	2,526	2,548
2,436	2,529	2,576
2,448	2,531	2,593
2,441	2,531	2,573
2,444	2,530	2,587
2,447	2,531	2,585
2,449	2,531	2,574
2,449	2,526	2,552
2,456	2,522	2,557
2,446	2,527	2,565
2,446	2,528	2,560
2,449	2,526	2,586
2,441	2,529	2,580
2,446	2,526	2,571
2,451	2,530	2,572
2,444	2,532	2,598
2,439	2,534	2,598
2,441	2,536	2,587
2,449	2,536	2,577
2,449	2,534	2,583
2,452	2,534	2,598
2,444	2,530	2,560
2,434	2,529	2,538
2,436	2,524	2,552
