Projekt Aerodynamik Übung CPM3
P_amb in [Pa]:  100463 T_amb in [K]: 291
Channel 1-3 HCL Druckdaten [V] 
2,108	2,277	2,385
2,106	2,281	2,384
2,111	2,281	2,387
2,116	2,281	2,392
2,115	2,281	2,385
2,106	2,283	2,380
2,111	2,286	2,374
2,111	2,279	2,379
2,111	2,278	2,379
2,109	2,287	2,376
2,106	2,281	2,379
2,107	2,285	2,374
2,111	2,284	2,380
2,106	2,282	2,383
2,109	2,283	2,374
2,106	2,282	2,367
2,109	2,286	2,366
2,103	2,281	2,377
2,111	2,284	2,380
2,106	2,279	2,370
2,104	2,279	2,366
2,104	2,281	2,367
2,106	2,280	2,367
2,114	2,281	2,366
2,111	2,281	2,372
2,108	2,281	2,369
2,111	2,281	2,367
2,105	2,281	2,354
2,106	2,281	2,355
2,101	2,279	2,360
2,101	2,281	2,364
2,108	2,281	2,367
2,104	2,279	2,367
2,100	2,281	2,362
2,103	2,278	2,359
2,101	2,279	2,355
2,106	2,276	2,354
2,098	2,284	2,358
2,099	2,283	2,354
2,101	2,277	2,360
2,107	2,280	2,364
2,099	2,281	2,360
2,099	2,279	2,357
2,103	2,272	2,360
2,098	2,281	2,359
2,097	2,286	2,364
2,098	2,279	2,358
2,099	2,281	2,362
2,096	2,277	2,360
2,101	2,281	2,364
2,092	2,281	2,364
2,096	2,281	2,368
2,101	2,281	2,372
2,094	2,281	2,377
2,096	2,278	2,375
2,096	2,279	2,377
2,093	2,276	2,368
2,097	2,282	2,367
2,099	2,279	2,364
2,099	2,279	2,369
2,104	2,279	2,380
2,103	2,276	2,380
2,098	2,278	2,379
2,098	2,281	2,379
2,094	2,274	2,375
2,096	2,275	2,371
2,101	2,279	2,374
2,095	2,281	2,372
2,099	2,277	2,372
2,095	2,277	2,372
2,097	2,276	2,374
2,099	2,282	2,379
2,096	2,281	2,379
2,098	2,281	2,379
2,095	2,273	2,368
2,096	2,279	2,375
2,088	2,279	2,377
2,096	2,281	2,369
2,099	2,273	2,369
2,098	2,281	2,364
2,096	2,276	2,367
2,097	2,274	2,367
2,091	2,278	2,366
2,096	2,276	2,372
2,096	2,273	2,380
2,091	2,276	2,380
2,095	2,276	2,380
2,093	2,277	2,372
2,086	2,271	2,363
2,094	2,274	2,364
2,088	2,279	2,366
2,097	2,281	2,374
2,096	2,275	2,379
2,104	2,280	2,377
2,096	2,283	2,375
2,093	2,278	2,369
2,091	2,279	2,372
2,093	2,281	2,377
2,092	2,276	2,377
2,091	2,282	2,379
2,091	2,274	2,379
2,091	2,281	2,379
2,096	2,281	2,372
2,100	2,281	2,376
2,096	2,276	2,379
2,093	2,281	2,379
2,093	2,278	2,379
2,099	2,280	2,383
2,096	2,281	2,382
2,096	2,276	2,378
2,097	2,279	2,377
2,096	2,281	2,379
2,094	2,277	2,381
2,096	2,279	2,379
2,096	2,281	2,379
2,097	2,281	2,379
2,093	2,279	2,377
2,093	2,276	2,379
2,096	2,279	2,382
2,096	2,279	2,384
2,093	2,279	2,379
2,088	2,278	2,380
2,097	2,276	2,375
2,096	2,275	2,385
2,096	2,280	2,384
2,092	2,282	2,389
2,096	2,281	2,391
2,096	2,282	2,387
2,096	2,283	2,384
2,096	2,276	2,384
2,093	2,282	2,387
2,098	2,284	2,387
2,100	2,281	2,394
2,099	2,281	2,392
2,101	2,280	2,399
2,101	2,280	2,398
2,101	2,281	2,399
2,102	2,281	2,394
2,099	2,284	2,394
2,099	2,284	2,391
2,101	2,281	2,391
2,103	2,284	2,392
2,103	2,281	2,392
2,101	2,283	2,398
2,103	2,283	2,397
2,101	2,283	2,397
2,106	2,284	2,397
2,104	2,281	2,397
2,097	2,279	2,394
2,102	2,286	2,387
2,103	2,282	2,385
2,104	2,282	2,384
2,111	2,288	2,382
2,106	2,282	2,384
2,100	2,282	2,391
2,106	2,284	2,389
2,107	2,284	2,386
2,101	2,284	2,384
2,101	2,281	2,384
2,104	2,281	2,386
2,099	2,281	2,384
2,101	2,281	2,392
2,101	2,283	2,392
2,101	2,281	2,391
2,108	2,278	2,389
2,104	2,281	2,384
2,104	2,289	2,387
2,106	2,288	2,387
2,104	2,281	2,392
2,106	2,287	2,392
2,106	2,286	2,389
2,103	2,284	2,388
2,101	2,281	2,392
2,106	2,281	2,391
2,106	2,286	2,391
2,108	2,281	2,394
2,106	2,284	2,392
2,100	2,286	2,390
2,108	2,281	2,392
2,101	2,282	2,397
2,106	2,286	2,394
2,106	2,282	2,389
2,103	2,288	2,387
2,102	2,284	2,387
2,103	2,288	2,389
2,110	2,287	2,399
2,101	2,284	2,399
2,108	2,284	2,394
2,106	2,284	2,392
2,106	2,282	2,387
2,105	2,282	2,387
2,106	2,286	2,391
2,111	2,286	2,395
2,113	2,284	2,399
2,111	2,281	2,399
2,110	2,281	2,399
2,108	2,281	2,390
2,104	2,282	2,392
2,103	2,281	2,387
2,106	2,284	2,391
2,103	2,288	2,395
2,111	2,286	2,393
2,106	2,284	2,392
2,111	2,286	2,394
2,111	2,280	2,395
2,096	2,289	2,397
2,100	2,285	2,390
2,105	2,287	2,392
2,106	2,285	2,379
2,101	2,283	2,382
2,106	2,287	2,386
2,109	2,286	2,387
2,100	2,286	2,385
2,106	2,284	2,379
2,100	2,283	2,377
2,101	2,286	2,375
2,104	2,281	2,376
2,103	2,290	2,380
2,099	2,286	2,370
2,102	2,281	2,364
2,099	2,281	2,362
2,101	2,284	2,364
2,096	2,281	2,367
2,096	2,281	2,364
2,099	2,282	2,363
2,099	2,284	2,362
2,096	2,281	2,359
2,096	2,281	2,352
2,096	2,284	2,357
2,096	2,281	2,358
2,098	2,281	2,354
2,097	2,276	2,356
2,094	2,283	2,363
2,096	2,281	2,357
2,096	2,284	2,358
2,096	2,283	2,357
2,093	2,284	2,357
2,096	2,282	2,355
2,094	2,282	2,361
2,096	2,279	2,355
2,088	2,281	2,352
2,089	2,281	2,357
2,086	2,274	2,355
2,093	2,279	2,356
2,096	2,281	2,354
2,091	2,281	2,355
2,088	2,278	2,350
2,091	2,281	2,350
2,093	2,281	2,354
2,088	2,279	2,347
2,086	2,281	2,349
2,086	2,283	2,355
2,091	2,284	2,356
2,092	2,281	2,358
2,091	2,281	2,357
2,084	2,281	2,355
2,091	2,276	2,355
2,094	2,276	2,354
2,091	2,283	2,362
2,091	2,282	2,360
2,090	2,279	2,365
2,086	2,281	2,367
2,091	2,277	2,372
2,091	2,278	2,369
2,090	2,277	2,372
2,089	2,281	2,372
2,088	2,279	2,375
2,091	2,279	2,380
2,086	2,276	2,382
2,094	2,281	2,387
2,092	2,281	2,389
2,091	2,281	2,396
2,097	2,281	2,399
2,096	2,283	2,397
2,093	2,281	2,400
2,093	2,279	2,406
2,099	2,281	2,407
2,097	2,281	2,409
2,096	2,288	2,412
2,096	2,284	2,414
2,096	2,284	2,405
2,096	2,291	2,412
2,097	2,283	2,417
2,098	2,284	2,414
2,106	2,286	2,422
2,106	2,286	2,430
2,103	2,280	2,432
2,100	2,283	2,423
2,101	2,285	2,424
2,101	2,290	2,424
2,104	2,285	2,431
2,106	2,292	2,431
2,113	2,288	2,437
2,113	2,291	2,437
2,107	2,287	2,438
2,106	2,291	2,437
2,106	2,287	2,442
2,106	2,293	2,434
2,113	2,293	2,442
2,104	2,293	2,440
2,111	2,292	2,437
2,118	2,293	2,442
2,111	2,288	2,445
2,121	2,291	2,444
2,116	2,293	2,444
2,113	2,293	2,442
2,117	2,296	2,437
2,116	2,294	2,439
2,113	2,294	2,432
2,118	2,296	2,437
2,113	2,286	2,432
2,116	2,293	2,427
2,116	2,293	2,429
2,119	2,296	2,430
2,118	2,293	2,424
2,121	2,291	2,423
2,114	2,295	2,417
2,116	2,297	2,419
2,121	2,300	2,414
2,119	2,291	2,412
2,116	2,299	2,410
2,113	2,294	2,404
2,115	2,294	2,402
2,115	2,290	2,400
2,123	2,293	2,396
2,119	2,296	2,396
2,116	2,294	2,397
2,116	2,293	2,390
2,117	2,294	2,387
2,121	2,293	2,392
2,119	2,286	2,384
2,118	2,293	2,380
2,116	2,294	2,375
2,116	2,290	2,374
2,116	2,291	2,377
2,114	2,297	2,375
2,113	2,293	2,379
2,116	2,290	2,373
2,111	2,288	2,362
2,108	2,289	2,364
2,117	2,291	2,362
2,111	2,291	2,361
2,116	2,291	2,362
2,111	2,287	2,362
2,116	2,292	2,360
2,108	2,292	2,360
2,108	2,285	2,358
2,108	2,289	2,354
2,109	2,290	2,360
2,108	2,294	2,355
2,106	2,289	2,354
2,111	2,294	2,351
2,105	2,284	2,347
2,101	2,281	2,349
2,109	2,286	2,352
2,106	2,286	2,352
2,103	2,285	2,360
2,102	2,291	2,364
2,108	2,290	2,357
2,103	2,286	2,354
2,111	2,281	2,361
2,101	2,288	2,362
2,109	2,291	2,359
2,106	2,284	2,363
2,107	2,288	2,362
2,107	2,289	2,368
2,106	2,286	2,374
2,101	2,288	2,375
2,105	2,288	2,375
2,108	2,284	2,380
2,099	2,281	2,375
2,109	2,290	2,374
2,108	2,287	2,374
2,108	2,285	2,380
2,107	2,289	2,388
2,108	2,293	2,392
2,111	2,294	2,394
2,099	2,284	2,397
2,106	2,284	2,395
2,106	2,288	2,391
2,111	2,288	2,392
2,110	2,291	2,396
2,111	2,291	2,402
2,108	2,286	2,402
2,111	2,293	2,405
2,106	2,291	2,404
2,110	2,291	2,404
2,111	2,291	2,401
2,112	2,291	2,402
2,109	2,291	2,400
2,111	2,294	2,406
2,106	2,294	2,404
2,115	2,288	2,412
2,116	2,291	2,402
2,108	2,291	2,404
2,111	2,291	2,404
2,106	2,288	2,400
2,113	2,294	2,396
2,112	2,290	2,399
2,113	2,289	2,404
2,111	2,286	2,394
2,108	2,295	2,392
2,108	2,287	2,383
2,109	2,290	2,389
2,111	2,288	2,392
2,111	2,287	2,389
2,106	2,293	2,387
2,108	2,293	2,383
2,106	2,286	2,384
2,113	2,281	2,382
2,105	2,281	2,385
2,107	2,284	2,379
2,103	2,283	2,375
2,099	2,288	2,372
2,095	2,291	2,372
2,105	2,286	2,372
2,101	2,286	2,367
2,104	2,293	2,360
2,096	2,281	2,359
2,099	2,282	2,354
2,098	2,284	2,349
2,098	2,287	2,351
2,097	2,286	2,342
2,096	2,283	2,334
2,094	2,281	2,337
2,096	2,277	2,334
2,091	2,278	2,333
2,090	2,282	2,329
2,086	2,282	2,324
2,081	2,278	2,316
2,086	2,281	2,319
2,088	2,281	2,322
2,094	2,282	2,322
2,086	2,281	2,316
2,082	2,281	2,312
2,084	2,281	2,309
2,081	2,278	2,312
2,071	2,276	2,310
2,081	2,279	2,310
2,082	2,278	2,314
2,077	2,271	2,312
2,076	2,273	2,309
2,078	2,279	2,312
2,076	2,279	2,314
2,079	2,274	2,319
2,076	2,273	2,322
2,076	2,276	2,324
2,081	2,274	2,327
2,078	2,276	2,322
2,075	2,269	2,331
2,071	2,271	2,335
2,079	2,274	2,339
2,076	2,281	2,342
2,078	2,271	2,340
2,076	2,281	2,347
2,076	2,276	2,347
2,077	2,267	2,354
2,081	2,275	2,355
2,076	2,278	2,356
2,076	2,274	2,371
2,078	2,272	2,374
2,078	2,276	2,379
2,081	2,281	2,375
2,081	2,271	2,375
2,079	2,278	2,380
2,079	2,281	2,381
2,079	2,279	2,392
2,084	2,278	2,399
2,088	2,280	2,405
2,081	2,276	2,404
2,091	2,281	2,407
2,088	2,281	2,412
2,086	2,283	2,414
2,090	2,281	2,411
2,088	2,284	2,421
2,088	2,281	2,432
2,096	2,281	2,435
2,096	2,286	2,436
2,098	2,281	2,438
2,094	2,283	2,442
2,097	2,281	2,444
2,099	2,286	2,447
2,099	2,285	2,449
2,108	2,287	2,452
2,108	2,288	2,449
2,103	2,289	2,449
2,101	2,289	2,452
2,101	2,286	2,457
2,108	2,289	2,454
2,108	2,286	2,454
2,108	2,294	2,457
2,111	2,288	2,458
2,111	2,288	2,454
2,113	2,288	2,457
2,116	2,291	2,449
2,107	2,283	2,449
2,113	2,291	2,450
2,114	2,291	2,452
2,114	2,293	2,449
2,118	2,293	2,446
2,113	2,289	2,449
2,115	2,288	2,443
2,117	2,289	2,432
2,116	2,293	2,431
2,121	2,294	2,437
2,121	2,289	2,441
2,123	2,299	2,445
2,125	2,298	2,439
2,121	2,293	2,432
2,119	2,288	2,424
2,121	2,295	2,429
2,118	2,295	2,427
2,118	2,297	2,428
2,121	2,294	2,427
2,124	2,295	2,424
2,129	2,292	2,424
2,126	2,289	2,416
2,126	2,296	2,417
2,118	2,293	2,417
2,122	2,293	2,409
2,121	2,293	2,406
2,124	2,299	2,407
2,126	2,299	2,404
2,121	2,295	2,404
2,120	2,293	2,401
2,123	2,293	2,399
2,115	2,293	2,397
2,127	2,293	2,392
2,126	2,294	2,389
2,124	2,293	2,382
2,123	2,296	2,380
2,123	2,291	2,382
2,121	2,286	2,380
2,118	2,291	2,379
2,123	2,294	2,379
2,116	2,291	2,374
2,120	2,296	2,369
2,118	2,286	2,375
2,117	2,290	2,367
2,118	2,293	2,365
2,118	2,295	2,360
2,121	2,292	2,362
2,121	2,292	2,367
2,117	2,290	2,371
2,121	2,294	2,364
2,111	2,286	2,360
2,103	2,288	2,357
2,116	2,288	2,357
2,116	2,288	2,355
2,111	2,284	2,357
2,109	2,291	2,357
2,108	2,287	2,354
2,106	2,283	2,352
2,110	2,284	2,355
2,108	2,291	2,360
2,112	2,283	2,357
2,112	2,286	2,355
2,111	2,286	2,355
2,103	2,282	2,352
2,103	2,289	2,351
2,112	2,286	2,352
2,104	2,286	2,355
2,099	2,288	2,356
2,099	2,288	2,357
2,106	2,286	2,360
2,105	2,279	2,360
2,103	2,284	2,356
2,104	2,289	2,354
2,104	2,289	2,355
2,101	2,287	2,357
2,103	2,281	2,360
2,108	2,286	2,368
2,102	2,289	2,364
2,101	2,286	2,362
2,101	2,281	2,372
2,101	2,281	2,369
2,099	2,284	2,363
2,107	2,286	2,359
2,106	2,286	2,369
2,109	2,286	2,375
2,099	2,288	2,368
2,101	2,278	2,372
2,099	2,284	2,374
2,101	2,289	2,380
2,102	2,284	2,379
2,101	2,282	2,379
2,104	2,287	2,380
2,101	2,281	2,379
2,096	2,284	2,382
2,099	2,282	2,379
2,101	2,281	2,381
2,099	2,288	2,380
2,099	2,278	2,382
2,101	2,286	2,392
2,093	2,285	2,387
2,103	2,283	2,392
2,107	2,287	2,384
2,102	2,288	2,384
2,101	2,284	2,379
2,096	2,284	2,382
2,100	2,289	2,392
2,098	2,286	2,392
2,106	2,293	2,391
2,104	2,288	2,392
2,101	2,291	2,392
2,108	2,286	2,394
2,097	2,286	2,390
2,096	2,293	2,389
2,096	2,284	2,387
2,101	2,284	2,388
2,103	2,284	2,384
2,101	2,291	2,392
2,103	2,286	2,400
2,100	2,282	2,394
2,103	2,286	2,391
2,101	2,286	2,390
2,099	2,288	2,389
2,101	2,283	2,397
2,106	2,287	2,387
2,101	2,287	2,382
2,099	2,279	2,377
2,103	2,280	2,382
2,099	2,281	2,382
2,096	2,283	2,387
2,101	2,285	2,384
2,101	2,287	2,379
2,097	2,281	2,375
2,096	2,284	2,370
2,096	2,281	2,370
2,095	2,284	2,362
2,097	2,284	2,367
2,091	2,281	2,367
2,101	2,284	2,373
2,096	2,281	2,373
2,096	2,283	2,369
2,103	2,288	2,360
2,094	2,281	2,366
2,099	2,284	2,371
2,094	2,284	2,367
2,096	2,281	2,367
2,093	2,286	2,364
2,094	2,286	2,375
2,095	2,286	2,368
2,091	2,283	2,367
2,096	2,282	2,374
2,098	2,281	2,367
2,091	2,284	2,364
2,094	2,279	2,370
2,096	2,276	2,369
2,093	2,282	2,375
2,096	2,281	2,367
2,091	2,282	2,372
2,093	2,283	2,367
2,093	2,284	2,366
2,095	2,284	2,369
2,091	2,281	2,369
2,088	2,282	2,371
2,086	2,287	2,365
2,088	2,283	2,366
2,090	2,281	2,372
2,093	2,281	2,366
2,097	2,280	2,374
2,088	2,286	2,374
2,088	2,291	2,369
2,089	2,286	2,377
2,096	2,281	2,380
2,091	2,279	2,380
2,091	2,284	2,379
2,094	2,279	2,384
2,093	2,284	2,389
2,099	2,281	2,386
2,098	2,278	2,390
2,091	2,281	2,392
2,096	2,279	2,390
2,096	2,286	2,399
2,096	2,285	2,399
2,097	2,287	2,399
2,096	2,284	2,399
2,099	2,280	2,402
2,096	2,284	2,400
2,094	2,283	2,407
2,092	2,287	2,406
2,098	2,279	2,406
2,097	2,286	2,404
2,101	2,284	2,403
2,096	2,281	2,404
2,096	2,281	2,412
2,100	2,286	2,404
2,099	2,283	2,404
2,101	2,281	2,405
2,104	2,288	2,404
2,101	2,288	2,404
2,103	2,286	2,404
2,103	2,281	2,399
2,096	2,289	2,402
2,096	2,284	2,402
2,103	2,286	2,399
2,101	2,284	2,401
2,101	2,286	2,404
2,108	2,288	2,402
2,102	2,288	2,403
2,101	2,291	2,399
2,103	2,282	2,401
2,106	2,290	2,401
2,101	2,282	2,404
2,109	2,287	2,404
2,108	2,288	2,405
2,104	2,283	2,389
2,101	2,291	2,398
2,108	2,294	2,399
2,104	2,289	2,404
2,108	2,288	2,404
2,114	2,288	2,400
2,114	2,286	2,404
2,108	2,289	2,404
2,106	2,284	2,397
2,106	2,286	2,400
2,103	2,290	2,393
2,106	2,286	2,399
2,106	2,283	2,399
2,106	2,288	2,405
2,106	2,288	2,402
2,101	2,291	2,399
2,108	2,291	2,394
2,111	2,286	2,399
2,111	2,293	2,401
2,116	2,288	2,400
2,103	2,288	2,400
2,111	2,288	2,397
2,114	2,289	2,392
2,114	2,287	2,394
2,113	2,285	2,400
2,116	2,291	2,401
2,113	2,295	2,407
2,116	2,291	2,404
2,116	2,291	2,404
2,114	2,291	2,402
2,116	2,291	2,401
2,113	2,291	2,401
2,113	2,288	2,404
2,113	2,291	2,399
2,109	2,293	2,408
2,116	2,293	2,409
2,116	2,293	2,409
2,116	2,290	2,407
2,115	2,293	2,402
2,116	2,293	2,401
2,113	2,288	2,406
2,113	2,290	2,409
2,113	2,293	2,406
2,113	2,293	2,411
2,118	2,294	2,409
2,116	2,291	2,397
2,111	2,293	2,399
2,118	2,293	2,392
2,116	2,293	2,399
2,115	2,291	2,401
2,118	2,291	2,404
2,117	2,286	2,399
2,122	2,290	2,394
2,113	2,294	2,392
2,116	2,290	2,392
2,115	2,292	2,392
2,115	2,288	2,387
2,113	2,291	2,384
2,104	2,289	2,387
2,115	2,293	2,391
2,116	2,293	2,389
2,112	2,288	2,387
2,113	2,290	2,390
2,112	2,291	2,379
2,116	2,291	2,379
2,116	2,290	2,382
2,113	2,293	2,375
2,116	2,286	2,374
2,113	2,293	2,374
2,111	2,288	2,367
2,116	2,296	2,369
2,111	2,294	2,375
2,113	2,294	2,374
2,114	2,288	2,376
2,116	2,289	2,374
2,116	2,288	2,367
2,109	2,287	2,368
2,109	2,288	2,359
2,111	2,288	2,359
2,106	2,283	2,358
2,114	2,277	2,359
2,112	2,291	2,361
2,116	2,288	2,359
2,108	2,285	2,357
2,110	2,287	2,355
2,109	2,286	2,356
2,103	2,289	2,352
2,109	2,293	2,350
2,103	2,288	2,349
2,111	2,289	2,355
2,106	2,288	2,360
2,103	2,284	2,352
2,109	2,288	2,355
2,108	2,288	2,355
2,113	2,283	2,360
2,113	2,283	2,363
2,101	2,289	2,359
2,112	2,288	2,364
2,111	2,288	2,367
2,108	2,286	2,365
2,103	2,286	2,372
2,108	2,286	2,374
2,107	2,286	2,374
2,111	2,288	2,379
2,111	2,287	2,378
2,108	2,291	2,380
2,108	2,290	2,384
2,105	2,288	2,379
2,113	2,289	2,385
2,112	2,290	2,390
2,107	2,287	2,392
2,106	2,292	2,392
2,108	2,291	2,392
2,106	2,294	2,385
2,105	2,293	2,381
2,108	2,290	2,384
2,111	2,293	2,392
2,108	2,291	2,392
2,111	2,281	2,387
2,108	2,288	2,385
2,106	2,289	2,384
2,112	2,291	2,389
2,106	2,288	2,384
2,111	2,287	2,380
2,106	2,284	2,379
2,116	2,288	2,378
2,108	2,288	2,389
2,116	2,294	2,394
2,113	2,286	2,398
2,113	2,288	2,399
2,110	2,287	2,392
2,110	2,293	2,392
2,116	2,289	2,388
2,107	2,286	2,387
2,116	2,286	2,386
2,108	2,290	2,384
2,105	2,287	2,387
2,113	2,288	2,394
2,114	2,295	2,392
2,111	2,290	2,392
2,113	2,291	2,394
2,111	2,293	2,387
2,111	2,289	2,391
2,104	2,283	2,387
2,106	2,286	2,381
2,106	2,288	2,384
2,111	2,293	2,385
2,103	2,291	2,388
2,109	2,286	2,384
2,103	2,283	2,389
2,113	2,286	2,385
2,108	2,293	2,379
2,108	2,286	2,379
2,100	2,286	2,379
2,106	2,286	2,384
2,108	2,288	2,382
2,114	2,284	2,383
2,106	2,283	2,385
2,111	2,286	2,384
2,113	2,288	2,384
2,112	2,291	2,382
2,111	2,288	2,381
2,116	2,288	2,384
2,111	2,285	2,382
2,109	2,286	2,385
2,104	2,288	2,389
2,113	2,292	2,392
2,113	2,290	2,392
2,106	2,290	2,384
2,115	2,294	2,384
2,116	2,287	2,382
2,113	2,291	2,389
2,107	2,293	2,384
2,111	2,291	2,387
2,111	2,286	2,387
2,116	2,288	2,390
2,109	2,293	2,392
2,117	2,286	2,392
2,113	2,288	2,389
2,107	2,283	2,389
2,108	2,284	2,383
2,116	2,293	2,382
2,109	2,286	2,384
2,106	2,293	2,387
2,108	2,291	2,384
2,113	2,289	2,392
2,111	2,290	2,385
2,113	2,283	2,387
2,112	2,289	2,385
2,112	2,286	2,394
2,116	2,288	2,392
2,116	2,284	2,392
2,108	2,289	2,391
2,118	2,289	2,394
2,112	2,296	2,398
2,111	2,291	2,394
2,112	2,292	2,397
2,116	2,293	2,399
2,116	2,294	2,399
2,121	2,293	2,398
2,116	2,288	2,399
2,116	2,291	2,391
2,115	2,288	2,399
2,113	2,288	2,395
2,116	2,293	2,404
2,116	2,292	2,404
2,114	2,288	2,399
2,116	2,293	2,399
2,116	2,290	2,399
2,116	2,289	2,399
2,116	2,290	2,391
2,121	2,288	2,397
2,113	2,289	2,392
2,111	2,284	2,392
2,116	2,288	2,392
2,116	2,290	2,392
2,113	2,291	2,397
2,115	2,294	2,391
2,115	2,293	2,384
2,116	2,282	2,387
2,114	2,289	2,387
2,113	2,291	2,389
2,116	2,290	2,378
2,112	2,287	2,385
2,123	2,288	2,385
2,115	2,289	2,389
2,121	2,294	2,392
2,113	2,296	2,382
2,118	2,291	2,387
2,116	2,291	2,381
2,118	2,294	2,384
2,116	2,293	2,387
2,118	2,291	2,386
2,116	2,293	2,379
2,113	2,293	2,384
2,117	2,291	2,382
2,108	2,288	2,381
2,116	2,291	2,389
2,118	2,291	2,384
2,113	2,293	2,379
2,116	2,294	2,374
2,116	2,291	2,373
2,115	2,288	2,375
2,111	2,289	2,375
2,108	2,291	2,372
2,116	2,286	2,372
2,112	2,291	2,366
2,117	2,283	2,367
2,111	2,287	2,366
2,104	2,293	2,369
2,113	2,293	2,375
2,111	2,289	2,375
2,105	2,294	2,367
2,113	2,281	2,367
2,107	2,291	2,364
2,111	2,291	2,370
2,111	2,286	2,374
2,116	2,293	2,380
2,106	2,288	2,382
2,112	2,293	2,380
2,111	2,293	2,385
2,116	2,292	2,379
2,111	2,286	2,382
2,108	2,291	2,384
2,109	2,286	2,385
2,111	2,293	2,387
2,108	2,291	2,389
2,111	2,291	2,392
2,108	2,287	2,389
2,111	2,291	2,389
2,111	2,288	2,389
2,109	2,286	2,389
2,109	2,293	2,392
2,111	2,288	2,391
2,116	2,286	2,391
2,111	2,285	2,391
2,115	2,290	2,389
2,106	2,292	2,379
2,104	2,292	2,379
2,106	2,293	2,381
2,108	2,286	2,392
2,104	2,294	2,393
2,109	2,294	2,401
2,111	2,291	2,392
2,113	2,289	2,383
2,099	2,288	2,374
2,106	2,293	2,372
2,106	2,294	2,380
2,110	2,296	2,389
2,116	2,293	2,393
2,111	2,291	2,391
2,106	2,291	2,392
2,103	2,286	2,384
2,109	2,286	2,387
2,108	2,284	2,385
2,101	2,286	2,384
2,108	2,291	2,384
2,103	2,291	2,384
2,106	2,291	2,387
2,109	2,291	2,384
2,108	2,293	2,388
2,104	2,293	2,387
2,099	2,289	2,387
2,106	2,290	2,383
2,100	2,292	2,385
2,105	2,288	2,379
2,103	2,285	2,380
2,104	2,285	2,380
2,096	2,281	2,378
2,101	2,291	2,374
2,098	2,291	2,380
2,101	2,291	2,382
2,101	2,286	2,384
2,099	2,288	2,375
2,099	2,288	2,372
2,101	2,290	2,367
2,106	2,288	2,369
2,104	2,287	2,375
2,103	2,288	2,379
2,101	2,283	2,382
2,101	2,286	2,382
2,099	2,284	2,372
2,104	2,286	2,374
2,103	2,288	2,385
2,103	2,293	2,384
2,096	2,286	2,392
2,103	2,281	2,391
2,097	2,287	2,391
2,101	2,288	2,397
2,109	2,288	2,399
2,107	2,294	2,402
2,104	2,286	2,398
2,109	2,291	2,399
2,111	2,287	2,404
2,105	2,287	2,412
2,111	2,295	2,414
2,103	2,293	2,416
2,106	2,291	2,414
2,108	2,286	2,409
2,104	2,289	2,412
2,108	2,293	2,404
2,111	2,296	2,417
2,114	2,294	2,421
2,116	2,296	2,423
2,111	2,293	2,422
2,115	2,286	2,411
2,112	2,296	2,415
2,118	2,293	2,414
2,121	2,293	2,425
2,116	2,296	2,424
2,116	2,294	2,424
2,111	2,291	2,422
2,116	2,291	2,423
2,119	2,293	2,419
2,115	2,296	2,419
2,116	2,298	2,425
2,117	2,298	2,424
2,123	2,298	2,429
2,118	2,301	2,430
2,119	2,297	2,432
2,121	2,296	2,431
2,131	2,299	2,432
2,123	2,303	2,434
2,122	2,299	2,437
2,121	2,302	2,438
2,129	2,299	2,443
2,123	2,301	2,437
2,126	2,296	2,434
2,126	2,296	2,432
2,126	2,296	2,434
2,137	2,299	2,437
2,136	2,298	2,434
2,131	2,298	2,437
2,126	2,295	2,432
2,123	2,302	2,430
2,121	2,298	2,437
2,126	2,306	2,432
2,128	2,303	2,430
2,128	2,304	2,420
2,122	2,303	2,416
2,122	2,301	2,416
2,123	2,298	2,422
2,127	2,298	2,424
2,128	2,304	2,418
2,129	2,299	2,417
2,132	2,306	2,412
2,128	2,303	2,412
2,131	2,299	2,412
2,131	2,297	2,408
2,126	2,304	2,405
2,131	2,306	2,406
2,126	2,299	2,404
2,132	2,303	2,404
2,128	2,301	2,410
2,128	2,304	2,412
2,126	2,299	2,399
2,123	2,301	2,394
2,125	2,301	2,396
2,121	2,296	2,392
2,126	2,301	2,391
2,128	2,299	2,394
2,126	2,301	2,392
2,123	2,298	2,391
2,128	2,298	2,382
2,129	2,293	2,374
2,121	2,299	2,378
2,121	2,304	2,374
2,121	2,293	2,366
2,115	2,302	2,366
2,118	2,291	2,360
2,121	2,298	2,360
2,119	2,296	2,359
2,118	2,293	2,357
2,116	2,293	2,357
2,112	2,298	2,349
2,116	2,299	2,350
2,115	2,295	2,355
2,114	2,292	2,352
2,113	2,300	2,351
2,111	2,292	2,347
2,115	2,294	2,345
2,115	2,298	2,343
2,116	2,294	2,350
2,116	2,296	2,348
2,113	2,293	2,350
2,116	2,294	2,350
2,117	2,288	2,342
2,108	2,293	2,344
2,114	2,290	2,347
2,108	2,293	2,352
2,111	2,293	2,350
2,108	2,288	2,353
2,101	2,293	2,355
2,109	2,291	2,348
2,107	2,291	2,350
2,103	2,291	2,348
2,103	2,293	2,347
2,105	2,289	2,351
2,104	2,293	2,354
2,108	2,288	2,355
2,106	2,289	2,356
2,101	2,286	2,357
2,103	2,281	2,357
2,105	2,282	2,360
2,103	2,289	2,361
2,099	2,293	2,365
2,101	2,287	2,360
2,104	2,289	2,362
2,101	2,291	2,364
2,101	2,294	2,372
2,105	2,294	2,374
2,101	2,293	2,366
2,096	2,291	2,372
2,101	2,291	2,367
2,108	2,291	2,372
2,104	2,296	2,379
2,103	2,290	2,384
2,104	2,291	2,385
2,111	2,293	2,389
2,106	2,293	2,392
2,107	2,291	2,392
2,106	2,291	2,392
2,102	2,291	2,394
2,101	2,294	2,388
2,106	2,293	2,392
2,108	2,290	2,399
2,108	2,293	2,400
2,110	2,293	2,407
2,106	2,294	2,410
2,106	2,289	2,414
2,116	2,285	2,412
2,106	2,289	2,410
2,113	2,297	2,404
2,108	2,292	2,401
2,109	2,299	2,404
2,113	2,293	2,401
2,111	2,293	2,404
2,107	2,293	2,406
2,116	2,291	2,417
2,117	2,288	2,417
2,116	2,296	2,412
2,111	2,293	2,412
2,111	2,296	2,410
2,116	2,298	2,409
2,116	2,298	2,406
2,116	2,293	2,404
2,113	2,293	2,404
2,116	2,296	2,403
2,116	2,293	2,404
2,115	2,293	2,402
2,116	2,294	2,412
2,116	2,296	2,417
2,118	2,293	2,412
2,116	2,291	2,412
2,116	2,291	2,406
2,116	2,295	2,407
2,111	2,290	2,397
2,116	2,291	2,400
2,116	2,297	2,399
2,118	2,298	2,404
2,120	2,300	2,404
2,120	2,295	2,403
2,123	2,293	2,399
2,119	2,294	2,403
2,116	2,294	2,399
2,121	2,291	2,399
2,111	2,294	2,400
2,116	2,294	2,399
2,113	2,293	2,399
2,116	2,296	2,397
2,118	2,298	2,390
2,116	2,293	2,392
2,115	2,293	2,392
2,122	2,298	2,392
2,118	2,293	2,389
2,116	2,290	2,388
2,118	2,293	2,389
2,116	2,293	2,386
2,118	2,291	2,389
2,123	2,301	2,389
2,116	2,293	2,391
2,118	2,304	2,392
2,123	2,294	2,389
2,113	2,301	2,385
2,121	2,296	2,385
2,120	2,292	2,387
2,116	2,291	2,385
2,116	2,297	2,384
2,118	2,293	2,392
2,115	2,294	2,390
2,117	2,297	2,392
2,121	2,294	2,394
2,118	2,296	2,391
2,116	2,291	2,392
2,118	2,289	2,381
2,113	2,296	2,382
2,116	2,296	2,379
2,116	2,296	2,389
2,116	2,293	2,397
2,118	2,295	2,400
2,118	2,293	2,397
2,113	2,291	2,391
2,114	2,293	2,392
2,116	2,291	2,387
2,116	2,296	2,393
2,116	2,294	2,392
2,115	2,296	2,389
2,114	2,299	2,389
2,111	2,294	2,392
2,116	2,296	2,391
2,115	2,296	2,392
2,118	2,291	2,396
2,115	2,291	2,399
2,116	2,292	2,400
2,118	2,296	2,399
2,116	2,294	2,399
2,113	2,295	2,395
2,113	2,299	2,392
2,113	2,298	2,393
2,117	2,296	2,399
2,115	2,301	2,404
2,116	2,296	2,404
2,116	2,294	2,402
2,118	2,293	2,402
2,115	2,291	2,397
2,113	2,293	2,394
2,116	2,292	2,399
2,113	2,296	2,401
2,121	2,298	2,404
2,118	2,301	2,404
2,116	2,293	2,401
2,117	2,298	2,404
2,116	2,293	2,404
2,118	2,294	2,399
2,116	2,296	2,402
2,115	2,293	2,402
2,115	2,299	2,406
2,116	2,299	2,409
2,116	2,296	2,412
2,114	2,301	2,407
2,113	2,296	2,404
2,112	2,295	2,402
2,113	2,295	2,407
2,118	2,297	2,412
2,116	2,297	2,419
2,118	2,295	2,411
2,114	2,295	2,410
2,115	2,298	2,404
2,112	2,294	2,399
2,116	2,293	2,400
2,116	2,293	2,399
2,113	2,296	2,405
2,116	2,307	2,404
2,117	2,300	2,404
2,118	2,293	2,404
2,109	2,301	2,402
2,113	2,299	2,399
2,116	2,293	2,397
2,111	2,298	2,399
2,113	2,293	2,399
2,116	2,302	2,394
2,113	2,294	2,394
2,115	2,294	2,391
2,113	2,291	2,387
2,113	2,298	2,392
2,116	2,298	2,398
2,116	2,296	2,407
2,116	2,296	2,409
2,116	2,294	2,402
2,116	2,298	2,390
2,120	2,294	2,392
2,113	2,300	2,389
2,113	2,304	2,397
2,111	2,299	2,404
2,105	2,302	2,405
2,116	2,301	2,402
2,116	2,299	2,404
2,110	2,301	2,406
2,113	2,296	2,404
2,113	2,296	2,400
2,108	2,298	2,392
2,113	2,293	2,391
2,109	2,293	2,399
2,106	2,301	2,402
2,116	2,301	2,404
2,111	2,300	2,404
2,116	2,298	2,404
2,115	2,301	2,397
2,113	2,302	2,394
2,112	2,293	2,394
2,113	2,293	2,395
2,111	2,296	2,392
2,108	2,293	2,394
2,113	2,296	2,397
2,113	2,296	2,400
2,115	2,297	2,401
2,116	2,296	2,402
2,113	2,300	2,404
2,113	2,297	2,401
2,107	2,293	2,394
2,118	2,301	2,392
2,116	2,298	2,399
2,118	2,293	2,404
2,113	2,293	2,407
2,116	2,298	2,409
2,115	2,294	2,412
2,112	2,293	2,412
2,116	2,301	2,410
2,116	2,303	2,413
2,116	2,303	2,414
2,118	2,304	2,414
2,119	2,298	2,417
2,116	2,296	2,413
2,114	2,293	2,412
2,116	2,303	2,411
2,118	2,299	2,416
2,118	2,301	2,424
2,116	2,309	2,430
2,119	2,298	2,421
2,114	2,301	2,416
2,118	2,295	2,422
2,121	2,301	2,413
2,117	2,291	2,416
2,122	2,299	2,417
2,116	2,297	2,416
2,124	2,306	2,414
2,123	2,300	2,417
2,123	2,299	2,414
2,117	2,305	2,406
2,116	2,305	2,409
2,121	2,304	2,409
2,116	2,301	2,419
2,121	2,298	2,424
2,121	2,301	2,419
2,121	2,301	2,407
2,115	2,306	2,412
2,113	2,300	2,412
2,119	2,301	2,409
2,116	2,298	2,409
2,121	2,301	2,412
2,118	2,296	2,416
2,118	2,303	2,417
2,123	2,301	2,419
2,123	2,304	2,412
2,116	2,299	2,409
2,116	2,303	2,403
2,123	2,306	2,406
2,122	2,298	2,412
2,121	2,304	2,405
2,123	2,301	2,410
2,123	2,300	2,402
2,121	2,300	2,399
2,121	2,302	2,401
2,121	2,305	2,399
2,124	2,305	2,397
2,118	2,301	2,405
2,116	2,297	2,399
2,113	2,306	2,399
2,123	2,301	2,392
2,121	2,302	2,387
2,121	2,301	2,385
2,116	2,298	2,381
2,118	2,301	2,389
2,120	2,301	2,389
2,127	2,298	2,393
2,118	2,299	2,387
2,116	2,298	2,382
2,118	2,296	2,389
2,118	2,298	2,384
2,113	2,296	2,386
2,118	2,301	2,384
2,116	2,296	2,384
2,123	2,304	2,387
2,123	2,301	2,379
2,121	2,301	2,382
2,118	2,303	2,382
2,124	2,306	2,389
2,122	2,298	2,392
2,129	2,298	2,394
2,124	2,302	2,394
2,122	2,295	2,392
2,121	2,302	2,387
2,116	2,295	2,384
2,124	2,302	2,387
2,123	2,299	2,389
2,121	2,303	2,392
2,122	2,306	2,399
2,121	2,301	2,400
2,123	2,301	2,401
2,121	2,306	2,399
2,121	2,299	2,394
2,123	2,298	2,392
2,128	2,300	2,392
2,120	2,301	2,401
2,128	2,298	2,399
2,128	2,303	2,397
2,126	2,306	2,399
2,123	2,304	2,398
2,126	2,298	2,399
2,123	2,301	2,399
2,124	2,298	2,402
2,129	2,301	2,404
2,126	2,296	2,405
2,128	2,301	2,403
2,133	2,304	2,407
2,132	2,308	2,407
2,128	2,300	2,411
2,126	2,309	2,408
2,131	2,302	2,407
2,128	2,302	2,412
2,128	2,310	2,417
2,133	2,301	2,415
2,128	2,301	2,412
2,133	2,304	2,412
2,133	2,298	2,419
2,130	2,306	2,424
2,136	2,309	2,423
2,130	2,301	2,424
2,126	2,306	2,419
2,128	2,306	2,412
2,132	2,311	2,404
2,136	2,304	2,412
2,127	2,301	2,412
2,134	2,304	2,416
2,133	2,306	2,424
2,126	2,304	2,419
2,128	2,309	2,414
2,129	2,301	2,403
2,136	2,303	2,391
2,126	2,298	2,387
2,131	2,309	2,393
2,131	2,309	2,394
2,137	2,304	2,394
2,128	2,300	2,392
2,129	2,303	2,385
2,131	2,299	2,389
2,126	2,307	2,381
2,128	2,305	2,379
2,131	2,301	2,384
2,124	2,301	2,377
2,126	2,304	2,378
2,126	2,301	2,369
2,126	2,301	2,372
2,126	2,308	2,374
2,121	2,303	2,371
2,126	2,301	2,370
2,124	2,298	2,373
2,123	2,301	2,367
2,121	2,295	2,370
2,118	2,296	2,368
2,118	2,304	2,369
2,125	2,296	2,367
2,124	2,301	2,360
2,123	2,298	2,359
2,118	2,296	2,360
2,116	2,296	2,357
2,120	2,303	2,357
2,113	2,301	2,352
2,116	2,293	2,340
2,116	2,294	2,342
2,115	2,293	2,347
2,117	2,292	2,347
2,116	2,293	2,350
2,109	2,300	2,340
2,111	2,302	2,345
2,113	2,303	2,341
2,106	2,294	2,337
2,111	2,294	2,340
2,113	2,294	2,341
2,111	2,296	2,339
2,106	2,291	2,347
2,106	2,288	2,352
2,110	2,293	2,342
2,109	2,291	2,344
2,103	2,293	2,355
2,104	2,290	2,352
2,106	2,296	2,354
2,103	2,291	2,362
2,106	2,298	2,360
2,108	2,288	2,364
2,106	2,288	2,362
2,109	2,296	2,367
2,108	2,299	2,371
2,108	2,289	2,372
2,106	2,291	2,381
2,109	2,290	2,385
2,106	2,293	2,385
2,106	2,296	2,387
2,111	2,293	2,392
2,108	2,292	2,389
2,109	2,305	2,392
2,109	2,294	2,398
2,116	2,292	2,399
2,116	2,295	2,399
2,108	2,290	2,402
2,113	2,291	2,399
2,108	2,296	2,404
2,114	2,293	2,404
2,113	2,293	2,404
2,113	2,296	2,404
2,114	2,298	2,404
2,113	2,298	2,410
2,115	2,296	2,412
2,116	2,295	2,416
2,119	2,298	2,412
2,116	2,294	2,410
2,113	2,296	2,408
2,110	2,298	2,412
2,115	2,291	2,414
2,115	2,301	2,424
2,116	2,296	2,423
2,118	2,302	2,425
2,116	2,295	2,424
2,121	2,293	2,427
2,125	2,301	2,432
2,118	2,306	2,428
2,118	2,298	2,424
2,116	2,298	2,423
2,121	2,289	2,424
2,124	2,306	2,424
2,121	2,305	2,423
2,124	2,302	2,421
2,128	2,295	2,421
2,123	2,301	2,429
2,120	2,304	2,420
2,123	2,293	2,425
2,125	2,301	2,416
2,124	2,301	2,412
2,118	2,301	2,412
2,123	2,299	2,408
2,122	2,306	2,404
2,125	2,303	2,404
2,123	2,303	2,406
2,123	2,303	2,402
2,121	2,299	2,400
2,121	2,296	2,399
2,124	2,301	2,402
2,131	2,306	2,400
2,121	2,299	2,395
2,126	2,298	2,396
2,123	2,301	2,396
2,123	2,301	2,404
2,123	2,299	2,404
2,124	2,303	2,394
2,126	2,301	2,392
2,129	2,299	2,392
2,133	2,295	2,396
2,128	2,299	2,400
2,129	2,303	2,399
2,126	2,302	2,400
2,129	2,298	2,396
2,126	2,304	2,394
2,121	2,299	2,391
2,120	2,301	2,396
2,128	2,296	2,392
2,118	2,301	2,389
2,124	2,295	2,389
2,126	2,304	2,392
2,126	2,298	2,392
2,115	2,300	2,389
2,122	2,300	2,387
2,121	2,303	2,382
2,118	2,298	2,380
2,121	2,296	2,386
2,123	2,301	2,384
2,114	2,293	2,380
2,123	2,296	2,380
2,121	2,296	2,374
2,115	2,300	2,376
2,118	2,301	2,373
2,126	2,309	2,380
2,123	2,306	2,377
2,122	2,301	2,386
2,123	2,298	2,380
2,121	2,294	2,377
2,118	2,299	2,380
2,123	2,300	2,387
2,118	2,297	2,391
2,126	2,305	2,392
2,119	2,303	2,384
2,121	2,301	2,387
2,118	2,306	2,391
2,119	2,298	2,395
2,121	2,298	2,397
2,126	2,306	2,399
2,123	2,298	2,399
2,118	2,294	2,404
2,118	2,300	2,404
2,120	2,298	2,401
2,125	2,293	2,404
2,123	2,301	2,403
2,124	2,298	2,405
2,126	2,301	2,405
2,121	2,306	2,399
2,126	2,301	2,404
2,121	2,301	2,398
2,121	2,301	2,406
2,123	2,306	2,407
2,123	2,309	2,404
2,123	2,299	2,404
2,121	2,301	2,403
2,121	2,299	2,404
2,121	2,302	2,404
2,118	2,301	2,402
2,123	2,304	2,399
2,128	2,310	2,393
2,129	2,306	2,401
2,126	2,302	2,403
2,124	2,307	2,409
2,125	2,298	2,404
2,121	2,304	2,409
2,127	2,301	2,402
2,118	2,306	2,404
2,128	2,304	2,401
2,128	2,304	2,401
2,131	2,305	2,404
2,123	2,301	2,406
2,123	2,304	2,402
2,125	2,300	2,404
2,128	2,300	2,401
2,123	2,309	2,404
2,121	2,306	2,402
2,121	2,301	2,397
2,118	2,299	2,389
2,118	2,298	2,386
2,125	2,301	2,392
2,121	2,306	2,393
2,123	2,303	2,391
2,123	2,298	2,391
2,126	2,296	2,385
2,122	2,298	2,384
2,121	2,301	2,384
2,121	2,302	2,380
2,123	2,295	2,377
2,123	2,296	2,379
2,125	2,303	2,379
2,126	2,301	2,377
2,126	2,306	2,374
2,123	2,303	2,379
2,128	2,301	2,380
2,119	2,298	2,377
2,123	2,305	2,377
2,128	2,301	2,377
2,126	2,303	2,381
2,126	2,304	2,384
2,126	2,306	2,384
2,126	2,304	2,387
2,132	2,306	2,382
2,121	2,301	2,375
2,124	2,306	2,379
2,128	2,301	2,384
2,121	2,293	2,384
2,123	2,298	2,377
2,124	2,301	2,379
2,121	2,296	2,382
2,118	2,300	2,377
2,123	2,298	2,382
2,121	2,298	2,375
2,121	2,304	2,377
2,119	2,307	2,374
2,124	2,297	2,380
2,116	2,303	2,380
2,121	2,303	2,380
2,115	2,304	2,379
2,117	2,296	2,382
2,118	2,299	2,382
2,118	2,296	2,382
2,111	2,303	2,386
2,118	2,304	2,379
2,117	2,298	2,380
2,115	2,301	2,385
2,118	2,300	2,386
2,121	2,296	2,389
2,118	2,298	2,387
2,123	2,304	2,392
2,121	2,301	2,389
2,119	2,301	2,394
2,118	2,304	2,399
2,121	2,299	2,399
2,123	2,304	2,394
2,126	2,303	2,399
2,119	2,296	2,398
2,123	2,298	2,394
2,123	2,308	2,401
2,123	2,301	2,407
2,126	2,291	2,407
2,123	2,298	2,403
2,118	2,297	2,399
2,117	2,301	2,401
2,122	2,297	2,404
2,116	2,304	2,411
2,121	2,299	2,409
2,123	2,302	2,407
2,123	2,293	2,401
2,116	2,293	2,399
2,121	2,306	2,402
2,118	2,301	2,399
2,116	2,303	2,399
2,117	2,303	2,401
2,126	2,301	2,399
2,116	2,301	2,396
2,118	2,301	2,399
2,118	2,301	2,394
2,121	2,296	2,401
2,121	2,303	2,404
2,117	2,306	2,407
2,118	2,301	2,404
2,123	2,301	2,396
2,116	2,304	2,396
2,118	2,301	2,397
2,121	2,304	2,404
2,126	2,306	2,407
2,124	2,306	2,406
2,121	2,295	2,404
2,126	2,302	2,405
2,113	2,299	2,404
2,123	2,300	2,404
2,121	2,302	2,400
2,121	2,303	2,399
2,118	2,304	2,399
2,118	2,306	2,399
2,117	2,306	2,399
2,121	2,301	2,402
2,121	2,301	2,398
2,118	2,293	2,400
2,121	2,301	2,401
2,115	2,306	2,397
2,119	2,297	2,394
2,121	2,306	2,399
2,121	2,303	2,400
2,121	2,296	2,399
2,116	2,304	2,397
2,118	2,301	2,392
2,118	2,299	2,388
2,117	2,298	2,394
2,118	2,304	2,394
2,116	2,293	2,402
2,118	2,304	2,401
2,128	2,301	2,403
2,122	2,301	2,404
2,128	2,303	2,407
2,124	2,300	2,404
2,121	2,302	2,402
2,123	2,303	2,405
2,127	2,305	2,409
2,126	2,295	2,409
2,124	2,310	2,405
2,126	2,308	2,409
2,128	2,301	2,407
2,118	2,306	2,412
2,123	2,295	2,416
2,123	2,301	2,419
2,128	2,301	2,419
2,123	2,306	2,416
2,126	2,300	2,412
2,126	2,303	2,407
2,121	2,301	2,398
2,123	2,306	2,406
2,120	2,306	2,404
2,123	2,304	2,414
2,126	2,306	2,414
2,131	2,309	2,418
2,123	2,306	2,412
2,127	2,309	2,412
2,123	2,301	2,404
2,116	2,306	2,402
2,123	2,304	2,408
2,130	2,309	2,407
2,129	2,296	2,409
2,123	2,303	2,407
2,129	2,304	2,404
2,128	2,305	2,413
2,126	2,304	2,405
2,125	2,310	2,412
2,131	2,309	2,412
2,131	2,304	2,414
2,128	2,306	2,417
2,128	2,313	2,416
2,136	2,306	2,419
2,135	2,304	2,416
2,134	2,306	2,417
2,131	2,304	2,419
2,131	2,308	2,418
2,134	2,311	2,414
2,133	2,309	2,419
2,138	2,309	2,418
2,133	2,309	2,419
2,134	2,306	2,419
2,131	2,312	2,414
2,133	2,309	2,413
2,134	2,306	2,417
2,136	2,309	2,422
2,135	2,309	2,416
2,134	2,306	2,414
2,133	2,309	2,408
2,133	2,306	2,407
2,131	2,302	2,404
2,135	2,310	2,407
2,131	2,307	2,407
2,136	2,310	2,413
2,136	2,309	2,412
2,134	2,313	2,407
2,138	2,306	2,405
2,136	2,309	2,402
2,134	2,309	2,404
2,139	2,306	2,404
2,136	2,311	2,404
2,134	2,308	2,401
2,133	2,309	2,400
2,138	2,309	2,404
2,137	2,308	2,409
2,143	2,306	2,406
2,136	2,309	2,399
2,138	2,308	2,402
2,137	2,308	2,401
2,141	2,311	2,400
2,136	2,306	2,404
2,139	2,309	2,404
2,138	2,311	2,401
2,135	2,309	2,399
2,133	2,308	2,397
2,137	2,306	2,399
2,133	2,309	2,396
2,133	2,309	2,392
2,133	2,311	2,394
2,141	2,305	2,394
2,139	2,310	2,392
2,128	2,311	2,387
2,131	2,308	2,392
2,133	2,310	2,391
2,131	2,309	2,392
2,132	2,311	2,392
2,131	2,311	2,391
2,131	2,308	2,389
2,138	2,309	2,384
2,131	2,306	2,387
2,129	2,308	2,389
2,136	2,308	2,393
2,136	2,310	2,389
2,131	2,306	2,384
2,136	2,308	2,392
2,136	2,311	2,396
2,136	2,309	2,392
2,132	2,314	2,391
2,134	2,309	2,397
2,131	2,309	2,394
2,133	2,303	2,400
2,136	2,314	2,399
2,134	2,309	2,399
2,133	2,313	2,404
2,136	2,309	2,404
2,139	2,304	2,398
2,128	2,307	2,401
2,131	2,309	2,401
2,126	2,311	2,404
2,130	2,309	2,404
2,132	2,307	2,404
2,136	2,309	2,406
2,131	2,309	2,407
2,131	2,309	2,402
2,130	2,309	2,403
2,128	2,308	2,400
2,131	2,309	2,402
2,126	2,308	2,406
2,128	2,311	2,404
2,131	2,308	2,401
2,128	2,306	2,402
2,133	2,309	2,396
2,128	2,309	2,402
2,131	2,308	2,401
2,133	2,313	2,405
2,126	2,309	2,401
2,132	2,309	2,401
2,129	2,308	2,401
2,131	2,311	2,403
2,133	2,313	2,408
2,133	2,311	2,407
2,137	2,309	2,404
2,131	2,308	2,399
2,133	2,306	2,405
2,136	2,309	2,412
2,139	2,314	2,411
2,134	2,313	2,412
2,131	2,309	2,414
2,134	2,308	2,413
2,128	2,309	2,412
2,128	2,309	2,412
2,138	2,316	2,413
2,133	2,313	2,412
2,136	2,304	2,409
2,131	2,311	2,416
2,136	2,309	2,412
2,136	2,313	2,416
2,135	2,313	2,420
2,138	2,311	2,415
2,136	2,313	2,410
2,134	2,308	2,401
2,133	2,313	2,401
2,131	2,309	2,401
2,127	2,309	2,407
2,133	2,309	2,404
2,138	2,308	2,412
2,133	2,311	2,409
2,133	2,309	2,407
2,128	2,309	2,404
2,128	2,309	2,404
2,132	2,302	2,407
2,131	2,313	2,399
2,131	2,310	2,399
2,128	2,307	2,404
2,134	2,315	2,399
2,136	2,311	2,404
2,133	2,314	2,408
2,132	2,312	2,412
2,139	2,311	2,409
2,131	2,315	2,404
2,129	2,309	2,407
2,133	2,309	2,400
2,133	2,309	2,402
2,131	2,310	2,398
2,134	2,311	2,404
2,131	2,316	2,404
2,133	2,311	2,406
2,137	2,309	2,404
2,133	2,311	2,399
2,128	2,316	2,399
2,126	2,309	2,396
2,128	2,309	2,397
2,134	2,314	2,392
2,133	2,309	2,397
2,131	2,308	2,399
2,126	2,309	2,398
2,131	2,309	2,392
2,124	2,304	2,394
2,133	2,308	2,397
2,131	2,309	2,392
2,134	2,310	2,398
2,136	2,315	2,392
2,128	2,314	2,396
2,125	2,309	2,397
2,137	2,309	2,401
2,133	2,311	2,400
2,131	2,309	2,402
2,129	2,311	2,399
2,134	2,311	2,399
2,136	2,309	2,399
2,128	2,313	2,404
2,134	2,311	2,404
2,131	2,309	2,402
2,131	2,306	2,402
2,128	2,308	2,408
2,131	2,308	2,409
2,133	2,309	2,404
2,132	2,308	2,409
2,128	2,309	2,412
2,128	2,313	2,411
2,130	2,308	2,414
2,135	2,313	2,416
2,131	2,311	2,412
2,126	2,308	2,412
2,126	2,309	2,410
2,131	2,310	2,412
2,125	2,310	2,409
2,133	2,308	2,414
2,131	2,309	2,409
2,131	2,308	2,416
2,128	2,311	2,424
2,131	2,311	2,419
2,131	2,311	2,425
2,133	2,311	2,412
2,131	2,311	2,412
2,131	2,313	2,412
2,136	2,309	2,414
2,136	2,316	2,422
2,134	2,313	2,422
2,136	2,308	2,424
2,134	2,313	2,424
2,136	2,311	2,430
2,136	2,316	2,421
2,134	2,316	2,418
2,133	2,308	2,422
2,129	2,313	2,424
2,131	2,309	2,417
2,133	2,313	2,425
2,139	2,311	2,422
2,143	2,309	2,424
2,137	2,311	2,424
2,141	2,309	2,427
2,138	2,307	2,420
2,139	2,313	2,419
2,134	2,311	2,421
2,133	2,315	2,422
2,136	2,308	2,416
2,126	2,309	2,413
2,131	2,308	2,416
2,133	2,311	2,419
2,139	2,311	2,412
2,136	2,313	2,410
2,137	2,313	2,413
2,136	2,311	2,404
2,134	2,311	2,411
2,141	2,308	2,407
2,138	2,313	2,412
2,138	2,309	2,415
2,136	2,308	2,409
2,137	2,311	2,411
2,133	2,318	2,409
2,136	2,308	2,405
2,134	2,309	2,402
2,133	2,314	2,405
2,136	2,313	2,404
2,139	2,313	2,404
2,133	2,309	2,403
2,134	2,311	2,404
2,133	2,309	2,404
2,140	2,319	2,404
2,133	2,306	2,397
2,133	2,311	2,400
2,126	2,310	2,399
2,136	2,317	2,394
2,134	2,315	2,399
2,136	2,312	2,400
2,134	2,319	2,399
2,128	2,313	2,396
2,131	2,313	2,400
2,128	2,314	2,394
2,131	2,311	2,396
2,123	2,306	2,392
2,134	2,311	2,392
2,131	2,308	2,394
2,133	2,308	2,394
2,133	2,313	2,397
2,132	2,311	2,399
2,133	2,314	2,394
2,134	2,309	2,397
2,133	2,308	2,394
2,128	2,316	2,392
2,135	2,314	2,389
2,134	2,309	2,397
2,136	2,311	2,399
2,133	2,309	2,400
2,128	2,308	2,406
2,139	2,309	2,404
2,131	2,307	2,407
2,134	2,310	2,402
2,136	2,317	2,405
2,136	2,306	2,399
2,133	2,310	2,404
2,136	2,311	2,409
2,134	2,313	2,418
2,136	2,313	2,427
2,137	2,313	2,424
2,138	2,313	2,419
2,139	2,313	2,416
2,127	2,311	2,415
2,138	2,318	2,419
2,136	2,318	2,424
2,136	2,316	2,424
2,136	2,318	2,424
2,141	2,313	2,421
2,133	2,313	2,421
2,140	2,311	2,424
2,141	2,321	2,427
2,139	2,318	2,423
2,139	2,311	2,429
2,136	2,309	2,424
2,132	2,314	2,418
2,131	2,313	2,416
2,131	2,315	2,411
2,141	2,309	2,416
2,139	2,311	2,414
2,131	2,318	2,412
2,141	2,311	2,409
2,145	2,320	2,406
2,137	2,315	2,412
2,136	2,317	2,412
2,136	2,318	2,408
2,133	2,308	2,412
2,135	2,314	2,400
2,136	2,314	2,399
2,131	2,319	2,399
2,133	2,311	2,394
2,136	2,318	2,394
2,136	2,309	2,395
2,133	2,313	2,392
2,133	2,311	2,385
2,136	2,313	2,387
2,133	2,316	2,392
2,136	2,311	2,397
2,128	2,308	2,398
2,135	2,309	2,392
2,131	2,311	2,384
2,128	2,313	2,383
2,126	2,309	2,382
2,128	2,316	2,384
2,129	2,319	2,392
2,131	2,309	2,386
2,134	2,316	2,384
2,131	2,316	2,379
2,128	2,308	2,379
2,124	2,304	2,379
2,126	2,303	2,379
2,123	2,312	2,385
2,128	2,313	2,382
2,123	2,314	2,382
2,123	2,310	2,385
2,128	2,309	2,382
2,129	2,312	2,380
2,126	2,306	2,382
2,128	2,309	2,374
2,128	2,308	2,384
2,128	2,311	2,392
2,125	2,316	2,384
2,126	2,311	2,387
2,124	2,313	2,384
2,124	2,309	2,384
2,126	2,313	2,396
2,126	2,308	2,404
2,131	2,313	2,402
2,130	2,316	2,399
2,126	2,308	2,398
2,121	2,314	2,401
2,136	2,314	2,404
2,133	2,311	2,417
2,132	2,316	2,421
2,131	2,309	2,417
2,131	2,309	2,421
2,126	2,311	2,423
2,135	2,306	2,424
2,138	2,315	2,422
2,128	2,322	2,425
2,131	2,311	2,424
2,131	2,315	2,424
2,128	2,316	2,424
2,127	2,316	2,430
2,133	2,312	2,430
2,138	2,319	2,437
2,134	2,313	2,434
2,131	2,315	2,432
2,131	2,318	2,428
2,130	2,315	2,427
2,135	2,318	2,437
2,133	2,320	2,435
2,141	2,321	2,439
2,136	2,313	2,436
2,130	2,320	2,437
2,140	2,316	2,426
2,131	2,313	2,434
2,139	2,313	2,429
2,141	2,321	2,438
2,143	2,318	2,439
2,136	2,318	2,439
2,141	2,318	2,432
2,139	2,321	2,425
2,139	2,318	2,426
2,136	2,321	2,428
2,136	2,317	2,432
2,136	2,316	2,431
2,142	2,322	2,425
2,143	2,323	2,416
2,141	2,319	2,412
2,141	2,319	2,410
2,136	2,318	2,409
2,139	2,317	2,409
2,134	2,319	2,412
2,139	2,316	2,401
2,133	2,316	2,406
2,136	2,316	2,399
2,129	2,318	2,400
2,136	2,311	2,394
2,133	2,313	2,390
2,136	2,311	2,392
2,133	2,316	2,392
2,133	2,316	2,387
2,136	2,315	2,387
2,140	2,316	2,384
2,136	2,313	2,392
2,138	2,316	2,393
2,133	2,309	2,382
2,128	2,311	2,379
2,126	2,313	2,377
2,128	2,313	2,376
2,134	2,316	2,375
2,133	2,316	2,374
2,130	2,310	2,374
2,128	2,307	2,374
2,136	2,309	2,377
2,120	2,310	2,380
2,126	2,315	2,384
2,126	2,311	2,387
2,131	2,312	2,384
2,131	2,312	2,380
2,120	2,309	2,384
2,123	2,313	2,382
2,128	2,308	2,382
2,118	2,311	2,383
2,126	2,316	2,388
2,126	2,316	2,387
2,121	2,311	2,392
2,124	2,313	2,394
2,118	2,313	2,392
2,123	2,309	2,397
2,120	2,311	2,391
2,116	2,308	2,394
2,126	2,308	2,394
2,124	2,309	2,400
2,128	2,314	2,402
2,126	2,308	2,402
2,117	2,318	2,410
2,127	2,316	2,412
2,124	2,316	2,416
2,126	2,309	2,422
2,123	2,314	2,419
2,126	2,315	2,419
2,130	2,313	2,423
2,128	2,320	2,425
2,134	2,313	2,432
2,136	2,316	2,437
2,131	2,311	2,437
2,128	2,316	2,438
2,133	2,316	2,444
2,135	2,323	2,444
2,136	2,321	2,448
2,141	2,321	2,452
2,136	2,321	2,456
2,141	2,321	2,457
2,142	2,320	2,459
2,141	2,321	2,462
2,141	2,321	2,458
2,141	2,323	2,458
2,146	2,324	2,457
2,144	2,321	2,457
2,146	2,321	2,464
2,152	2,321	2,463
2,146	2,323	2,462
2,146	2,319	2,454
2,148	2,321	2,457
2,144	2,326	2,452
2,145	2,321	2,451
2,149	2,321	2,452
2,151	2,318	2,449
2,151	2,324	2,457
2,144	2,322	2,448
2,147	2,322	2,447
2,149	2,325	2,446
2,146	2,325	2,442
2,148	2,321	2,444
2,151	2,321	2,435
2,150	2,321	2,432
2,151	2,321	2,431
2,154	2,326	2,427
2,151	2,318	2,429
2,146	2,318	2,433
2,148	2,321	2,427
2,155	2,323	2,422
2,149	2,326	2,422
2,143	2,323	2,416
2,149	2,320	2,419
2,146	2,321	2,416
2,146	2,319	2,407
2,145	2,324	2,404
2,146	2,319	2,401
2,144	2,321	2,405
2,143	2,326	2,407
2,143	2,321	2,412
2,141	2,316	2,399
2,144	2,318	2,395
2,142	2,318	2,384
2,144	2,316	2,387
2,143	2,314	2,390
2,141	2,314	2,384
2,141	2,318	2,386
2,143	2,319	2,382
2,141	2,322	2,374
2,144	2,319	2,374
2,141	2,319	2,376
2,136	2,321	2,367
2,130	2,321	2,364
2,138	2,321	2,367
2,135	2,311	2,367
2,139	2,316	2,368
2,136	2,318	2,367
2,133	2,310	2,357
2,133	2,316	2,355
2,133	2,311	2,357
2,128	2,311	2,357
2,136	2,314	2,360
2,139	2,321	2,359
2,128	2,318	2,362
2,132	2,316	2,358
2,123	2,314	2,360
2,124	2,308	2,360
2,126	2,316	2,364
2,126	2,309	2,364
2,127	2,321	2,366
2,126	2,314	2,367
2,126	2,308	2,371
2,129	2,315	2,374
2,134	2,314	2,375
2,128	2,308	2,374
2,122	2,314	2,384
2,122	2,308	2,382
2,126	2,313	2,389
2,126	2,311	2,386
2,128	2,311	2,399
2,131	2,316	2,399
2,121	2,313	2,404
2,126	2,316	2,404
2,121	2,311	2,402
2,126	2,311	2,407
2,133	2,315	2,409
2,131	2,318	2,406
2,128	2,315	2,416
2,132	2,321	2,420
2,133	2,313	2,422
2,131	2,311	2,427
2,128	2,318	2,432
2,131	2,317	2,425
2,134	2,319	2,430
2,133	2,321	2,430
2,142	2,318	2,432
2,141	2,316	2,438
2,131	2,319	2,435
2,137	2,319	2,439
2,139	2,312	2,438
2,134	2,314	2,444
2,136	2,320	2,442
2,141	2,318	2,446
2,136	2,317	2,444
2,139	2,319	2,444
2,140	2,320	2,450
2,138	2,322	2,450
2,136	2,311	2,446
2,136	2,318	2,449
2,138	2,316	2,444
2,140	2,321	2,445
2,141	2,323	2,449
2,141	2,321	2,450
2,141	2,320	2,452
2,141	2,324	2,452
2,143	2,321	2,450
2,141	2,318	2,444
2,142	2,321	2,437
2,144	2,321	2,437
2,141	2,328	2,440
2,141	2,324	2,437
2,143	2,324	2,449
2,148	2,324	2,444
2,143	2,321	2,442
2,146	2,323	2,434
2,141	2,318	2,423
2,144	2,321	2,432
2,137	2,320	2,432
2,141	2,322	2,432
2,141	2,324	2,424
2,141	2,322	2,418
2,141	2,320	2,417
2,139	2,321	2,414
2,141	2,321	2,404
2,130	2,319	2,404
2,139	2,323	2,410
2,134	2,321	2,401
2,136	2,319	2,404
2,136	2,321	2,402
2,137	2,316	2,391
2,136	2,318	2,395
2,136	2,315	2,392
2,141	2,318	2,394
2,134	2,318	2,389
2,133	2,318	2,385
2,138	2,318	2,379
2,129	2,319	2,376
2,126	2,316	2,385
2,133	2,314	2,385
2,131	2,321	2,386
2,130	2,321	2,389
2,134	2,321	2,392
2,133	2,319	2,385
2,131	2,313	2,379
2,131	2,318	2,378
2,133	2,317	2,379
2,127	2,314	2,379
2,126	2,314	2,384
2,129	2,322	2,384
2,134	2,320	2,388
2,128	2,313	2,384
2,126	2,318	2,384
2,128	2,322	2,392
2,125	2,318	2,384
2,131	2,316	2,385
2,126	2,311	2,389
2,131	2,321	2,390
2,126	2,308	2,391
2,131	2,321	2,397
2,128	2,315	2,394
2,121	2,311	2,397
2,128	2,313	2,399
2,123	2,316	2,395
2,123	2,315	2,404
2,126	2,313	2,402
2,129	2,308	2,401
2,126	2,319	2,409
2,126	2,321	2,412
2,128	2,315	2,419
2,128	2,321	2,419
2,133	2,321	2,419
2,126	2,318	2,419
2,126	2,319	2,425
2,134	2,317	2,422
2,128	2,320	2,429
2,131	2,321	2,430
2,128	2,314	2,434
2,133	2,323	2,436
2,136	2,315	2,441
2,138	2,314	2,444
2,136	2,323	2,442
2,136	2,321	2,448
2,135	2,321	2,445
2,131	2,321	2,444
2,131	2,321	2,449
2,136	2,321	2,450
2,133	2,318	2,445
2,132	2,318	2,447
2,139	2,322	2,447
2,141	2,319	2,449
2,141	2,319	2,449
2,138	2,321	2,446
2,132	2,323	2,444
2,138	2,321	2,442
2,139	2,318	2,442
2,141	2,319	2,440
2,136	2,324	2,445
2,138	2,329	2,441
2,138	2,321	2,444
2,141	2,321	2,439
2,141	2,321	2,440
2,136	2,323	2,445
2,141	2,319	2,442
2,140	2,320	2,439
2,141	2,324	2,437
2,139	2,327	2,435
2,142	2,325	2,442
2,141	2,322	2,432
2,138	2,322	2,437
2,131	2,321	2,439
2,141	2,321	2,436
2,140	2,321	2,434
2,141	2,321	2,437
2,141	2,320	2,432
2,143	2,326	2,426
2,143	2,331	2,432
2,145	2,323	2,431
2,148	2,328	2,434
2,141	2,321	2,432
2,141	2,323	2,425
2,141	2,321	2,426
2,141	2,321	2,420
2,144	2,326	2,421
2,146	2,324	2,422
2,146	2,329	2,423
2,144	2,326	2,424
2,145	2,321	2,419
2,148	2,321	2,417
2,146	2,321	2,412
2,141	2,321	2,412
2,141	2,325	2,409
2,146	2,317	2,412
2,148	2,322	2,407
2,142	2,322	2,405
2,146	2,320	2,408
2,144	2,324	2,407
2,141	2,321	2,404
2,141	2,318	2,402
2,143	2,322	2,401
2,143	2,323	2,409
2,141	2,321	2,403
2,141	2,324	2,399
2,143	2,321	2,399
2,141	2,323	2,400
2,143	2,321	2,401
2,142	2,320	2,404
2,139	2,321	2,399
2,141	2,321	2,401
2,141	2,326	2,396
2,140	2,329	2,399
2,142	2,321	2,396
2,136	2,326	2,395
2,136	2,329	2,400
2,141	2,321	2,399
2,136	2,329	2,394
2,140	2,318	2,391
2,136	2,328	2,392
2,136	2,321	2,394
2,141	2,324	2,396
2,133	2,320	2,394
2,141	2,324	2,388
2,141	2,320	2,384
2,135	2,323	2,385
2,136	2,320	2,389
2,133	2,322	2,387
2,136	2,321	2,384
2,139	2,322	2,388
2,130	2,319	2,389
2,139	2,321	2,387
2,131	2,321	2,387
2,136	2,321	2,390
2,134	2,316	2,393
2,134	2,321	2,394
2,138	2,320	2,391
2,132	2,321	2,387
2,137	2,321	2,392
2,136	2,316	2,400
2,134	2,321	2,399
2,138	2,313	2,404
2,136	2,319	2,400
2,133	2,319	2,388
2,128	2,319	2,393
2,128	2,318	2,397
2,131	2,316	2,394
2,127	2,319	2,392
2,133	2,319	2,402
2,128	2,318	2,394
2,131	2,321	2,391
2,131	2,316	2,394
2,139	2,315	2,399
2,128	2,324	2,401
2,138	2,323	2,399
2,131	2,316	2,404
2,133	2,317	2,402
2,128	2,322	2,399
2,131	2,311	2,401
2,132	2,321	2,394
2,133	2,321	2,392
2,126	2,321	2,397
2,133	2,318	2,397
2,136	2,316	2,407
2,134	2,319	2,404
2,128	2,322	2,412
2,134	2,316	2,407
2,134	2,316	2,406
2,133	2,321	2,407
2,131	2,321	2,406
2,135	2,321	2,412
2,137	2,323	2,412
2,138	2,321	2,417
2,139	2,318	2,416
2,138	2,321	2,414
2,131	2,321	2,417
2,135	2,318	2,416
2,136	2,321	2,421
2,139	2,321	2,424
2,139	2,310	2,424
2,136	2,322	2,416
2,139	2,322	2,413
2,136	2,315	2,420
2,140	2,319	2,424
2,141	2,323	2,429
2,136	2,323	2,429
2,141	2,324	2,433
2,133	2,321	2,424
2,138	2,321	2,418
2,138	2,313	2,417
2,136	2,319	2,409
2,134	2,321	2,415
2,141	2,317	2,417
2,128	2,321	2,421
2,136	2,315	2,421
2,137	2,321	2,418
2,139	2,320	2,417
2,141	2,318	2,424
2,141	2,321	2,419
2,140	2,316	2,417
2,138	2,321	2,404
2,141	2,318	2,404
2,141	2,318	2,403
2,139	2,321	2,406
2,139	2,316	2,411
2,135	2,323	2,413
2,141	2,309	2,412
2,141	2,319	2,409
2,139	2,322	2,407
2,139	2,317	2,404
2,136	2,317	2,400
2,133	2,320	2,394
2,137	2,314	2,392
2,136	2,319	2,392
2,131	2,323	2,393
2,136	2,321	2,395
2,131	2,321	2,399
2,142	2,319	2,400
2,133	2,316	2,394
2,128	2,313	2,393
2,133	2,316	2,389
2,131	2,315	2,387
2,127	2,315	2,385
2,126	2,319	2,386
2,131	2,313	2,381
2,139	2,321	2,392
2,136	2,324	2,392
2,138	2,321	2,391
2,138	2,316	2,388
2,137	2,321	2,392
2,136	2,316	2,392
2,139	2,316	2,389
2,139	2,318	2,395
2,136	2,316	2,392
2,140	2,317	2,392
2,136	2,317	2,393
2,133	2,320	2,399
2,136	2,318	2,404
2,133	2,316	2,406
2,139	2,324	2,401
2,136	2,321	2,407
2,140	2,321	2,410
2,138	2,318	2,409
2,139	2,315	2,409
2,134	2,318	2,412
2,141	2,318	2,412
2,139	2,318	2,416
2,141	2,321	2,418
2,142	2,321	2,422
2,141	2,321	2,422
2,141	2,319	2,424
2,140	2,321	2,424
2,141	2,321	2,420
2,142	2,319	2,421
2,141	2,318	2,428
2,141	2,318	2,429
2,141	2,321	2,435
2,141	2,321	2,438
2,143	2,321	2,437
2,148	2,321	2,437
2,146	2,316	2,435
2,146	2,319	2,433
2,141	2,322	2,429
2,142	2,320	2,437
2,146	2,329	2,434
2,148	2,320	2,442
2,151	2,321	2,437
2,151	2,319	2,439
2,151	2,321	2,439
2,153	2,329	2,436
2,149	2,326	2,435
2,154	2,323	2,436
2,153	2,323	2,435
2,148	2,324	2,436
2,153	2,326	2,437
2,152	2,326	2,432
2,151	2,321	2,425
2,146	2,323	2,424
2,146	2,321	2,422
2,143	2,321	2,427
2,149	2,321	2,418
2,148	2,321	2,417
2,141	2,320	2,424
2,153	2,321	2,417
2,146	2,326	2,412
2,153	2,321	2,409
2,148	2,321	2,404
2,149	2,321	2,400
2,146	2,317	2,397
2,149	2,320	2,394
2,144	2,320	2,399
2,151	2,323	2,399
2,149	2,317	2,399
2,143	2,322	2,394
2,149	2,321	2,388
2,144	2,319	2,392
2,141	2,318	2,382
2,137	2,321	2,382
2,143	2,323	2,377
2,140	2,324	2,376
2,146	2,321	2,374
2,141	2,319	2,373
2,141	2,318	2,374
2,141	2,321	2,367
2,143	2,313	2,370
2,141	2,318	2,366
2,141	2,321	2,362
2,136	2,313	2,355
2,128	2,319	2,345
2,132	2,311	2,344
2,131	2,314	2,347
2,126	2,313	2,350
2,128	2,321	2,352
2,136	2,319	2,350
2,128	2,313	2,347
2,131	2,307	2,339
2,127	2,305	2,342
2,129	2,312	2,343
2,131	2,313	2,341
2,128	2,312	2,342
2,127	2,317	2,337
2,129	2,311	2,340
2,128	2,317	2,340
2,123	2,308	2,345
2,123	2,311	2,347
2,120	2,316	2,352
2,120	2,311	2,352
2,128	2,310	2,353
2,122	2,311	2,360
2,123	2,311	2,352
2,126	2,313	2,354
2,121	2,306	2,360
2,123	2,309	2,361
2,124	2,311	2,367
2,123	2,306	2,369
2,123	2,311	2,374
2,118	2,309	2,375
2,120	2,309	2,377
2,124	2,309	2,374
2,116	2,309	2,379
2,119	2,311	2,384
2,121	2,308	2,382
2,121	2,316	2,390
2,122	2,303	2,384
2,119	2,307	2,392
2,119	2,310	2,397
2,121	2,311	2,404
2,124	2,309	2,404
2,123	2,313	2,409
2,124	2,312	2,407
2,122	2,312	2,409
2,121	2,308	2,413
2,120	2,311	2,416
2,128	2,311	2,414
2,126	2,313	2,417
2,124	2,313	2,417
2,128	2,317	2,421
2,124	2,311	2,424
2,126	2,321	2,426
2,126	2,318	2,432
2,130	2,311	2,430
2,126	2,314	2,427
2,127	2,311	2,429
2,128	2,316	2,427
2,128	2,319	2,424
2,131	2,318	2,426
2,131	2,321	2,432
2,125	2,319	2,434
2,131	2,321	2,437
2,128	2,315	2,426
2,128	2,311	2,424
2,123	2,322	2,427
2,123	2,312	2,427
2,131	2,312	2,424
2,123	2,320	2,419
2,123	2,313	2,429
2,128	2,316	2,424
2,127	2,312	2,424
2,128	2,316	2,424
2,127	2,316	2,415
2,126	2,309	2,417
2,126	2,309	2,411
2,124	2,316	2,412
2,126	2,315	2,409
2,122	2,309	2,410
2,121	2,308	2,404
2,126	2,313	2,409
2,123	2,311	2,407
2,126	2,311	2,404
2,121	2,313	2,400
2,121	2,314	2,397
2,126	2,311	2,399
2,118	2,314	2,399
2,123	2,308	2,403
2,118	2,306	2,395
2,116	2,313	2,384
2,116	2,311	2,387
2,119	2,307	2,392
2,124	2,308	2,393
2,116	2,310	2,387
2,120	2,309	2,379
2,119	2,310	2,375
2,116	2,309	2,374
2,116	2,304	2,371
2,113	2,309	2,372
2,116	2,306	2,374
2,112	2,309	2,367
2,113	2,308	2,360
2,113	2,304	2,360
2,108	2,309	2,362
2,111	2,298	2,362
2,111	2,309	2,359
2,111	2,309	2,360
2,107	2,300	2,360
2,106	2,309	2,362
2,108	2,308	2,360
2,108	2,303	2,362
2,111	2,302	2,363
2,103	2,309	2,364
2,103	2,303	2,367
2,101	2,303	2,367
2,108	2,309	2,374
2,108	2,309	2,376
2,102	2,309	2,382
2,108	2,304	2,381
2,113	2,309	2,387
2,111	2,305	2,387
2,111	2,305	2,395
2,113	2,301	2,394
2,111	2,306	2,399
2,107	2,306	2,409
2,111	2,307	2,408
2,106	2,308	2,412
2,111	2,309	2,418
2,111	2,306	2,422
2,112	2,303	2,424
2,111	2,311	2,423
2,116	2,305	2,427
2,116	2,311	2,422
2,113	2,310	2,424
2,107	2,309	2,428
2,114	2,308	2,435
2,116	2,308	2,437
2,113	2,309	2,444
2,121	2,309	2,439
2,116	2,311	2,445
2,116	2,309	2,439
2,116	2,313	2,444
2,123	2,316	2,442
2,121	2,309	2,447
2,118	2,309	2,456
2,123	2,308	2,462
2,129	2,314	2,464
2,116	2,312	2,460
2,124	2,314	2,462
2,119	2,317	2,465
2,128	2,313	2,467
2,121	2,317	2,464
2,121	2,319	2,462
2,127	2,316	2,471
2,126	2,316	2,470
2,128	2,318	2,472
2,133	2,316	2,474
2,128	2,316	2,474
2,133	2,314	2,473
2,133	2,321	2,464
2,134	2,321	2,469
2,133	2,321	2,469
2,126	2,321	2,467
2,133	2,321	2,466
2,131	2,318	2,459
2,134	2,316	2,459
2,128	2,318	2,457
2,128	2,316	2,456
2,131	2,319	2,455
2,131	2,326	2,455
2,130	2,316	2,452
2,131	2,321	2,450
2,129	2,312	2,442
2,136	2,321	2,445
2,136	2,317	2,443
2,134	2,316	2,437
2,133	2,322	2,439
2,136	2,323	2,436
2,133	2,322	2,429
2,136	2,321	2,432
2,128	2,319	2,427
2,128	2,316	2,424
2,132	2,318	2,425
2,129	2,318	2,416
2,133	2,321	2,419
2,128	2,319	2,419
2,133	2,318	2,413
2,140	2,311	2,413
2,133	2,319	2,414
2,129	2,321	2,412
2,128	2,316	2,412
2,128	2,315	2,403
2,128	2,318	2,399
2,131	2,318	2,398
2,128	2,316	2,399
2,131	2,318	2,399
2,123	2,316	2,400
2,123	2,321	2,399
2,128	2,318	2,399
2,126	2,319	2,399
2,129	2,313	2,389
2,123	2,319	2,384
2,128	2,310	2,384
2,125	2,312	2,389
2,125	2,310	2,384
2,123	2,314	2,390
2,121	2,309	2,392
2,123	2,313	2,386
2,123	2,311	2,387
2,116	2,308	2,382
2,123	2,314	2,379
2,118	2,314	2,384
2,121	2,316	2,389
2,118	2,316	2,392
2,121	2,315	2,392
2,121	2,311	2,392
2,118	2,311	2,397
2,118	2,311	2,399
2,121	2,319	2,397
2,118	2,311	2,397
2,123	2,316	2,404
2,129	2,321	2,402
2,126	2,311	2,412
2,121	2,313	2,409
2,118	2,313	2,415
2,121	2,316	2,416
2,118	2,313	2,421
2,121	2,311	2,422
2,123	2,313	2,429
2,123	2,315	2,425
2,123	2,318	2,424
2,123	2,308	2,422
2,127	2,319	2,424
2,119	2,315	2,424
2,121	2,316	2,427
2,119	2,313	2,437
2,123	2,313	2,435
2,123	2,313	2,435
2,128	2,315	2,435
2,126	2,308	2,432
2,126	2,313	2,430
2,123	2,315	2,434
2,123	2,316	2,434
2,131	2,315	2,438
2,123	2,316	2,437
2,129	2,321	2,439
2,129	2,324	2,440
2,134	2,318	2,435
2,128	2,321	2,436
2,131	2,309	2,436
2,131	2,316	2,444
2,131	2,314	2,449
2,126	2,316	2,442
2,126	2,318	2,442
2,133	2,319	2,437
2,129	2,318	2,439
2,126	2,319	2,442
2,134	2,318	2,441
2,129	2,322	2,442
2,131	2,319	2,442
2,125	2,314	2,442
2,128	2,322	2,444
2,130	2,316	2,445
2,131	2,321	2,434
2,128	2,316	2,437
2,133	2,321	2,440
2,126	2,321	2,433
2,129	2,321	2,434
2,136	2,315	2,432
2,128	2,319	2,430
2,131	2,318	2,425
2,128	2,319	2,422
2,128	2,320	2,425
2,126	2,318	2,424
2,125	2,316	2,419
