Projekt Aerodynamik Übung CPM3
P_amb in [Pa]:  100463 T_amb in [K]: 291
Channel 1-3 HCL Druckdaten [V] 
2,349	2,724	3,108
2,349	2,719	3,101
2,348	2,724	3,090
2,339	2,718	3,058
2,329	2,715	3,026
2,326	2,718	3,000
2,325	2,708	3,006
2,330	2,715	3,016
2,326	2,707	2,991
2,318	2,707	2,959
2,314	2,701	2,938
2,313	2,704	2,954
2,314	2,701	2,965
2,321	2,709	2,966
2,324	2,706	2,974
2,324	2,709	2,990
2,326	2,711	2,994
2,326	2,709	3,001
2,324	2,714	3,021
2,327	2,707	3,024
2,331	2,714	3,035
2,338	2,712	3,036
2,333	2,714	3,033
2,331	2,712	3,040
2,345	2,714	3,056
2,341	2,719	3,088
2,347	2,722	3,106
2,344	2,719	3,098
2,336	2,717	3,093
2,336	2,713	3,087
2,338	2,706	3,086
2,344	2,717	3,093
2,344	2,721	3,098
2,348	2,710	3,088
2,341	2,713	3,071
2,333	2,707	3,053
2,337	2,710	3,048
2,336	2,704	3,051
2,338	2,706	3,059
2,341	2,707	3,055
2,336	2,701	3,033
2,330	2,699	3,021
2,331	2,702	3,016
2,336	2,701	3,021
2,341	2,701	3,029
2,343	2,703	3,035
2,341	2,704	3,026
2,333	2,701	3,018
2,337	2,704	3,005
2,336	2,704	3,004
2,338	2,702	3,011
2,335	2,701	3,022
2,335	2,699	3,026
2,338	2,699	3,015
2,339	2,699	2,999
2,334	2,702	3,009
2,336	2,697	3,016
2,343	2,690	3,015
2,334	2,699	3,012
2,336	2,700	3,009
2,338	2,701	2,988
2,334	2,700	2,984
2,331	2,699	2,990
2,333	2,694	2,988
2,328	2,695	2,989
2,337	2,697	2,979
2,341	2,697	3,004
2,351	2,694	3,015
2,353	2,702	3,043
2,353	2,694	3,054
2,349	2,696	3,035
2,349	2,701	3,036
2,346	2,701	3,029
2,339	2,702	3,008
2,341	2,694	3,004
2,339	2,697	3,014
2,349	2,699	3,044
2,346	2,701	3,059
2,349	2,697	3,063
2,344	2,702	3,061
2,348	2,704	3,061
2,353	2,704	3,069
2,349	2,701	3,070
2,351	2,702	3,084
2,349	2,702	3,066
2,346	2,701	3,043
2,341	2,699	3,038
2,348	2,701	3,048
2,341	2,704	3,065
2,348	2,708	3,066
2,354	2,713	3,073
2,367	2,704	3,073
2,369	2,710	3,085
2,364	2,704	3,083
2,355	2,699	3,073
2,349	2,702	3,034
2,351	2,707	3,065
2,359	2,704	3,080
2,361	2,709	3,070
2,358	2,701	3,065
2,353	2,701	3,035
2,351	2,704	3,021
2,341	2,702	2,989
2,351	2,710	3,031
2,356	2,714	3,019
2,356	2,709	3,075
2,365	2,712	3,085
2,369	2,707	3,090
2,364	2,712	3,091
2,364	2,710	3,074
2,371	2,719	3,118
2,371	2,714	3,103
2,371	2,715	3,085
2,354	2,696	3,043
2,346	2,702	3,004
2,344	2,704	2,989
2,343	2,708	3,006
2,348	2,711	3,034
2,350	2,715	3,053
2,349	2,710	3,049
2,343	2,706	3,043
2,341	2,706	3,038
2,345	2,706	3,043
2,348	2,702	3,052
2,351	2,709	3,050
2,346	2,707	3,050
2,344	2,708	3,045
2,349	2,707	3,053
2,347	2,707	3,062
2,348	2,709	3,056
2,352	2,702	3,056
2,344	2,707	3,046
2,341	2,704	3,053
2,348	2,715	3,062
2,346	2,707	3,070
2,347	2,702	3,070
2,344	2,702	3,065
2,338	2,702	3,060
2,336	2,699	3,048
2,344	2,701	3,048
2,332	2,699	3,061
2,344	2,701	3,056
2,342	2,705	3,048
2,338	2,698	3,036
2,336	2,697	3,029
2,331	2,696	3,033
2,338	2,702	3,043
2,341	2,704	3,052
2,351	2,699	3,048
2,338	2,699	3,053
2,343	2,701	3,069
2,348	2,697	3,081
2,342	2,699	3,088
2,341	2,702	3,086
2,348	2,699	3,080
2,346	2,696	3,083
2,348	2,702	3,084
2,345	2,699	3,101
2,348	2,701	3,110
2,351	2,706	3,120
2,359	2,712	3,121
2,351	2,710	3,097
2,353	2,702	3,101
2,346	2,702	3,085
2,350	2,702	3,090
2,356	2,701	3,100
2,363	2,704	3,099
2,349	2,704	3,090
2,356	2,699	3,060
2,346	2,698	3,065
2,354	2,704	3,097
2,354	2,713	3,102
2,356	2,706	3,090
2,353	2,708	3,078
2,352	2,706	3,080
2,361	2,709	3,108
2,351	2,702	3,091
2,357	2,702	3,078
2,356	2,711	3,073
2,366	2,706	3,103
2,376	2,711	3,132
2,375	2,714	3,138
2,374	2,713	3,142
2,369	2,709	3,145
2,376	2,712	3,143
2,371	2,714	3,138
2,369	2,716	3,127
2,379	2,722	3,155
2,374	2,717	3,153
2,382	2,714	3,136
2,384	2,712	3,150
2,384	2,717	3,148
2,389	2,719	3,172
2,395	2,727	3,177
2,403	2,727	3,211
2,413	2,724	3,232
2,414	2,724	3,270
2,416	2,720	3,247
2,407	2,731	3,214
2,403	2,730	3,192
2,414	2,738	3,204
2,423	2,739	3,221
2,436	2,742	3,266
2,454	2,747	3,300
2,454	2,744	3,252
2,454	2,749	3,231
2,444	2,747	3,260
2,444	2,744	3,269
2,446	2,749	3,279
2,458	2,756	3,280
2,455	2,749	3,246
2,461	2,751	3,299
2,472	2,757	3,331
2,472	2,759	3,281
2,469	2,762	3,277
2,469	2,765	3,296
2,471	2,764	3,290
2,473	2,764	3,259
2,469	2,766	3,213
2,484	2,759	3,222
2,479	2,759	3,244
2,479	2,759	3,264
2,463	2,758	3,244
2,459	2,756	3,230
2,454	2,759	3,207
2,446	2,758	3,182
2,459	2,763	3,217
2,458	2,770	3,229
2,454	2,764	3,202
2,452	2,757	3,166
2,449	2,760	3,150
2,444	2,759	3,130
2,436	2,756	3,113
2,434	2,759	3,103
2,436	2,754	3,128
2,434	2,756	3,128
2,434	2,759	3,136
2,426	2,756	3,117
2,418	2,749	3,080
2,413	2,751	3,058
2,406	2,747	3,036
2,413	2,744	3,051
2,421	2,752	3,076
2,416	2,755	3,078
2,413	2,746	3,078
2,411	2,749	3,075
2,414	2,746	3,066
2,406	2,744	3,073
2,411	2,747	3,090
2,406	2,747	3,095
2,410	2,749	3,115
2,412	2,748	3,119
2,403	2,746	3,103
2,407	2,738	3,100
2,396	2,750	3,093
2,406	2,746	3,109
2,402	2,749	3,125
2,411	2,752	3,147
2,409	2,744	3,150
2,409	2,744	3,145
2,403	2,745	3,138
2,396	2,749	3,128
2,411	2,744	3,132
2,404	2,743	3,140
2,401	2,744	3,138
2,398	2,741	3,139
2,403	2,744	3,140
2,399	2,739	3,135
2,402	2,739	3,131
2,403	2,744	3,135
2,399	2,747	3,123
2,399	2,746	3,138
2,403	2,749	3,145
2,409	2,745	3,157
2,406	2,747	3,157
2,403	2,747	3,148
2,392	2,738	3,135
2,399	2,738	3,117
2,386	2,737	3,098
2,391	2,741	3,094
2,393	2,745	3,086
2,399	2,746	3,113
2,397	2,744	3,120
2,394	2,738	3,100
2,391	2,744	3,107
2,390	2,744	3,083
2,396	2,739	3,078
2,398	2,744	3,088
2,397	2,751	3,111
2,399	2,744	3,116
2,404	2,751	3,128
2,408	2,749	3,142
2,408	2,749	3,128
2,416	2,754	3,124
2,429	2,759	3,167
2,431	2,759	3,237
2,426	2,759	3,232
2,410	2,754	3,216
2,413	2,754	3,189
2,416	2,754	3,172
2,416	2,767	3,194
2,426	2,767	3,215
2,431	2,764	3,239
2,431	2,759	3,233
2,437	2,769	3,276
2,434	2,769	3,271
2,429	2,765	3,241
2,416	2,766	3,204
2,418	2,767	3,200
2,426	2,759	3,171
2,421	2,767	3,210
2,411	2,765	3,199
2,421	2,761	3,228
2,416	2,772	3,229
2,423	2,764	3,221
2,429	2,766	3,274
2,434	2,777	3,291
2,432	2,773	3,276
2,429	2,774	3,259
2,416	2,774	3,257
2,407	2,777	3,205
2,414	2,772	3,180
2,416	2,776	3,164
2,414	2,776	3,200
2,421	2,772	3,199
2,419	2,772	3,172
2,404	2,769	3,160
2,408	2,771	3,148
2,414	2,774	3,167
2,414	2,774	3,184
2,406	2,767	3,155
2,409	2,767	3,159
2,413	2,776	3,177
2,410	2,776	3,176
2,404	2,765	3,140
2,401	2,771	3,128
2,401	2,771	3,136
2,401	2,772	3,128
2,389	2,767	3,126
2,396	2,769	3,116
2,391	2,764	3,107
2,391	2,762	3,083
2,386	2,762	3,065
2,384	2,762	3,070
2,378	2,759	3,058
2,386	2,759	3,044
2,379	2,754	3,039
2,379	2,754	3,037
2,381	2,754	3,034
2,379	2,752	3,034
2,381	2,751	3,027
2,371	2,755	3,019
2,377	2,755	3,020
2,376	2,752	3,009
2,376	2,754	3,009
2,371	2,754	3,014
2,374	2,757	3,016
2,379	2,746	2,996
2,372	2,753	2,999
2,382	2,750	3,000
2,371	2,757	3,014
2,373	2,755	3,033
2,385	2,756	3,048
2,391	2,752	3,053
2,384	2,752	3,046
2,374	2,747	3,023
2,371	2,744	3,013
2,362	2,747	3,016
2,376	2,744	3,009
2,380	2,754	3,027
2,384	2,749	3,036
2,384	2,752	3,033
2,376	2,749	3,021
2,373	2,751	3,046
2,372	2,747	3,044
2,376	2,749	3,058
2,374	2,749	3,070
2,379	2,754	3,063
2,366	2,749	3,064
2,370	2,744	3,041
2,369	2,747	3,030
2,371	2,749	3,070
2,384	2,757	3,076
2,379	2,756	3,066
2,379	2,749	3,050
2,374	2,749	3,056
2,372	2,753	3,068
2,379	2,752	3,088
2,386	2,754	3,097
2,391	2,755	3,113
2,384	2,753	3,132
2,373	2,757	3,102
2,371	2,757	3,107
2,376	2,757	3,071
2,386	2,762	3,105
2,391	2,754	3,108
2,391	2,757	3,136
2,401	2,759	3,128
2,390	2,757	3,096
2,396	2,761	3,110
2,411	2,761	3,138
2,413	2,764	3,182
2,418	2,764	3,199
2,414	2,767	3,172
2,413	2,769	3,148
2,416	2,774	3,155
2,421	2,775	3,165
2,426	2,777	3,172
2,430	2,774	3,169
2,436	2,777	3,207
2,442	2,782	3,217
2,437	2,782	3,221
2,434	2,785	3,228
2,436	2,780	3,237
2,438	2,785	3,244
2,441	2,788	3,234
2,452	2,791	3,231
2,449	2,788	3,255
2,456	2,786	3,236
2,451	2,784	3,259
2,442	2,785	3,259
2,446	2,785	3,196
2,441	2,779	3,170
2,441	2,784	3,167
2,434	2,785	3,182
2,429	2,787	3,176
2,418	2,777	3,135
2,405	2,778	3,098
2,408	2,780	3,108
2,413	2,787	3,130
2,416	2,779	3,148
2,416	2,784	3,143
2,406	2,784	3,132
2,406	2,783	3,122
2,404	2,780	3,116
2,404	2,785	3,135
2,411	2,792	3,138
2,409	2,785	3,120
2,399	2,772	3,103
2,397	2,775	3,083
2,396	2,772	3,073
2,391	2,771	3,063
2,394	2,780	3,070
2,390	2,774	3,046
2,390	2,772	3,028
2,386	2,773	3,063
2,385	2,774	3,070
2,386	2,773	3,080
2,382	2,775	3,076
2,379	2,772	3,062
2,384	2,772	3,058
2,382	2,772	3,073
2,374	2,772	3,083
2,384	2,771	3,073
2,381	2,766	3,076
2,381	2,762	3,078
2,370	2,767	3,067
2,371	2,764	3,067
2,376	2,767	3,072
2,376	2,772	3,084
2,373	2,766	3,080
2,371	2,768	3,075
2,374	2,769	3,075
2,371	2,764	3,077
2,371	2,767	3,086
2,374	2,766	3,099
2,379	2,767	3,110
2,378	2,766	3,110
2,378	2,757	3,107
2,376	2,760	3,110
2,376	2,763	3,115
2,376	2,761	3,116
2,382	2,765	3,115
2,375	2,764	3,107
2,371	2,757	3,111
2,374	2,757	3,098
2,366	2,759	3,107
2,371	2,762	3,109
2,371	2,751	3,099
2,371	2,759	3,108
2,368	2,754	3,105
2,374	2,756	3,128
2,371	2,756	3,147
2,371	2,764	3,145
2,370	2,756	3,142
2,369	2,757	3,128
2,366	2,757	3,128
2,367	2,757	3,126
2,366	2,757	3,111
2,361	2,750	3,100
2,355	2,752	3,088
2,358	2,759	3,082
2,372	2,756	3,085
2,372	2,757	3,110
2,376	2,759	3,120
2,384	2,759	3,145
2,382	2,760	3,125
2,375	2,761	3,103
2,374	2,758	3,115
2,381	2,758	3,135
2,376	2,758	3,130
2,386	2,763	3,168
2,381	2,762	3,140
2,384	2,764	3,108
2,394	2,767	3,128
2,394	2,771	3,160
2,401	2,771	3,191
2,399	2,777	3,204
2,396	2,770	3,187
2,409	2,777	3,207
2,401	2,774	3,223
2,391	2,771	3,180
2,394	2,771	3,199
2,398	2,774	3,222
2,403	2,777	3,167
2,399	2,772	3,173
2,395	2,772	3,145
2,401	2,769	3,149
2,409	2,777	3,180
2,402	2,782	3,187
2,401	2,785	3,203
2,391	2,780	3,202
2,406	2,778	3,177
2,413	2,784	3,190
2,413	2,786	3,221
2,401	2,785	3,213
2,393	2,786	3,177
2,398	2,785	3,185
2,384	2,777	3,170
2,386	2,777	3,157
2,392	2,784	3,165
2,397	2,781	3,167
2,396	2,779	3,185
2,387	2,771	3,167
2,379	2,772	3,143
2,377	2,776	3,138
2,372	2,772	3,123
2,376	2,774	3,123
2,371	2,774	3,136
2,382	2,769	3,127
2,371	2,769	3,120
2,371	2,762	3,107
2,360	2,767	3,097
2,370	2,762	3,088
2,371	2,762	3,100
2,372	2,772	3,113
2,374	2,769	3,122
2,371	2,769	3,123
2,372	2,769	3,133
2,374	2,768	3,140
2,387	2,773	3,154
2,384	2,768	3,162
2,381	2,771	3,162
2,386	2,770	3,164
2,386	2,771	3,168
2,382	2,769	3,174
2,389	2,766	3,177
2,384	2,769	3,182
2,391	2,762	3,182
2,393	2,769	3,180
2,388	2,767	3,182
2,391	2,769	3,185
2,396	2,764	3,179
2,391	2,764	3,165
2,392	2,764	3,154
2,391	2,764	3,138
2,389	2,772	3,131
2,392	2,759	3,127
2,391	2,764	3,130
2,391	2,762	3,135
2,394	2,757	3,129
2,391	2,762	3,111
2,389	2,762	3,094
2,389	2,762	3,086
2,394	2,764	3,095
2,391	2,762	3,103
2,391	2,761	3,102
2,387	2,761	3,086
2,394	2,759	3,080
2,390	2,760	3,088
2,399	2,768	3,103
2,403	2,768	3,112
2,406	2,770	3,125
2,406	2,777	3,096
2,415	2,774	3,111
2,406	2,772	3,128
2,397	2,762	3,114
2,394	2,769	3,088
2,404	2,772	3,115
2,423	2,771	3,147
2,431	2,784	3,199
2,429	2,783	3,190
2,434	2,789	3,232
2,444	2,785	3,254
2,449	2,784	3,244
2,459	2,794	3,225
2,464	2,800	3,234
2,467	2,792	3,283
2,466	2,802	3,359
2,477	2,800	3,429
2,487	2,804	3,443
2,493	2,805	3,409
2,507	2,807	3,352
2,517	2,812	3,392
2,524	2,812	3,386
2,539	2,819	3,374
2,539	2,825	3,401
2,539	2,827	3,351
2,535	2,820	3,321
2,532	2,828	3,380
2,547	2,832	3,442
2,547	2,827	3,434
2,534	2,825	3,371
2,540	2,827	3,351
2,542	2,837	3,365
2,542	2,837	3,374
2,547	2,832	3,400
2,557	2,837	3,415
2,547	2,841	3,434
2,549	2,834	3,453
2,549	2,842	3,416
2,545	2,839	3,387
2,547	2,847	3,394
2,552	2,851	3,390
2,558	2,846	3,388
2,558	2,852	3,401
2,554	2,839	3,389
2,552	2,846	3,374
2,542	2,842	3,365
2,557	2,844	3,376
2,558	2,854	3,384
2,539	2,847	3,354
2,532	2,837	3,297
2,522	2,838	3,264
2,512	2,836	3,239
2,504	2,829	3,211
2,504	2,830	3,215
2,498	2,837	3,197
2,492	2,825	3,165
2,484	2,829	3,150
2,484	2,827	3,133
2,492	2,824	3,140
2,479	2,819	3,142
2,474	2,819	3,123
2,479	2,824	3,117
2,471	2,821	3,115
2,469	2,825	3,120
2,475	2,824	3,137
2,479	2,822	3,155
2,480	2,817	3,158
2,480	2,817	3,148
2,479	2,824	3,143
2,474	2,817	3,141
2,476	2,820	3,153
2,476	2,822	3,169
2,477	2,815	3,177
2,484	2,819	3,171
2,476	2,817	3,173
2,476	2,817	3,180
2,479	2,822	3,197
2,489	2,826	3,214
2,481	2,822	3,224
2,484	2,818	3,215
2,479	2,816	3,196
2,479	2,813	3,194
2,481	2,822	3,197
2,485	2,820	3,209
2,484	2,824	3,207
2,489	2,814	3,200
2,484	2,817	3,205
2,479	2,814	3,215
2,479	2,819	3,211
2,484	2,819	3,207
2,482	2,814	3,199
2,479	2,811	3,192
2,481	2,812	3,188
2,476	2,812	3,198
2,471	2,814	3,192
2,472	2,814	3,188
2,480	2,812	3,188
2,469	2,813	3,185
2,469	2,814	3,185
2,478	2,812	3,184
2,475	2,814	3,182
2,481	2,815	3,184
2,479	2,809	3,178
2,469	2,807	3,164
2,467	2,804	3,158
2,473	2,801	3,156
2,472	2,813	3,160
2,469	2,809	3,152
2,474	2,803	3,138
2,464	2,808	3,127
2,464	2,799	3,123
2,467	2,802	3,110
2,461	2,809	3,131
2,464	2,810	3,128
2,469	2,807	3,108
2,471	2,817	3,131
2,487	2,820	3,177
2,489	2,827	3,209
2,496	2,834	3,213
2,499	2,822	3,192
2,504	2,827	3,209
2,507	2,825	3,216
2,506	2,827	3,264
2,521	2,829	3,297
2,530	2,835	3,309
2,527	2,842	3,328
2,519	2,845	3,297
2,522	2,842	3,319
2,528	2,844	3,306
2,536	2,837	3,286
2,544	2,844	3,312
2,535	2,856	3,337
2,547	2,853	3,359
2,560	2,855	3,321
2,565	2,860	3,316
2,575	2,863	3,350
2,569	2,864	3,359
2,572	2,871	3,373
2,569	2,860	3,389
2,572	2,851	3,389
2,572	2,864	3,453
2,578	2,869	3,421
2,587	2,880	3,379
2,594	2,879	3,359
2,595	2,877	3,380
2,600	2,879	3,418
2,600	2,869	3,393
2,612	2,871	3,376
2,607	2,874	3,371
2,612	2,887	3,437
2,612	2,887	3,388
2,608	2,889	3,363
2,612	2,885	3,391
2,615	2,889	3,402
2,616	2,887	3,381
2,612	2,892	3,399
2,612	2,889	3,414
2,603	2,896	3,397
2,601	2,889	3,346
2,590	2,887	3,327
2,582	2,888	3,304
2,575	2,884	3,289
2,570	2,878	3,262
2,570	2,889	3,275
2,560	2,883	3,270
2,547	2,880	3,252
2,549	2,875	3,234
2,542	2,879	3,229
2,534	2,869	3,190
2,534	2,875	3,164
2,533	2,872	3,167
2,532	2,869	3,167
2,529	2,869	3,168
2,529	2,869	3,175
2,531	2,871	3,172
2,523	2,864	3,167
2,529	2,862	3,160
2,524	2,867	3,158
2,529	2,864	3,161
2,524	2,867	3,157
2,521	2,860	3,150
2,521	2,864	3,150
2,518	2,862	3,155
2,525	2,860	3,156
2,524	2,864	3,155
2,522	2,862	3,155
2,519	2,857	3,152
2,519	2,854	3,166
2,519	2,850	3,162
2,517	2,860	3,164
2,509	2,854	3,163
2,514	2,855	3,165
2,516	2,860	3,166
2,514	2,857	3,167
2,516	2,860	3,167
2,512	2,854	3,167
2,514	2,857	3,157
2,512	2,852	3,153
2,504	2,857	3,153
2,518	2,854	3,152
2,514	2,856	3,147
2,522	2,857	3,137
2,512	2,854	3,128
2,512	2,849	3,125
2,515	2,857	3,133
2,509	2,859	3,128
2,515	2,855	3,123
2,509	2,860	3,113
2,509	2,852	3,117
2,507	2,849	3,128
2,514	2,852	3,136
2,512	2,849	3,137
2,507	2,852	3,125
2,509	2,851	3,125
2,509	2,851	3,120
2,504	2,851	3,099
2,505	2,846	3,096
2,499	2,845	3,093
2,504	2,851	3,103
2,502	2,845	3,098
2,492	2,848	3,089
2,493	2,839	3,063
2,489	2,837	3,045
2,489	2,842	3,039
2,489	2,841	3,051
2,494	2,847	3,085
2,494	2,852	3,078
2,502	2,851	3,065
2,503	2,854	3,033
2,499	2,852	3,034
2,509	2,847	3,046
2,509	2,849	3,105
2,508	2,852	3,105
2,513	2,851	3,136
2,514	2,856	3,108
2,510	2,852	3,108
2,512	2,851	3,118
2,522	2,857	3,138
2,524	2,862	3,155
2,532	2,867	3,166
2,533	2,867	3,192
2,539	2,864	3,211
2,529	2,861	3,182
2,529	2,864	3,121
2,539	2,874	3,138
2,546	2,870	3,155
2,547	2,875	3,167
2,547	2,871	3,205
2,552	2,869	3,247
2,549	2,877	3,289
2,561	2,879	3,313
2,569	2,879	3,309
2,577	2,879	3,269
2,572	2,880	3,295
2,577	2,879	3,314
2,575	2,876	3,294
2,580	2,879	3,267
2,583	2,891	3,300
2,577	2,889	3,329
2,582	2,884	3,343
2,577	2,889	3,319
2,577	2,885	3,284
2,578	2,889	3,254
2,577	2,882	3,269
2,578	2,890	3,304
2,575	2,889	3,301
2,557	2,887	3,252
2,561	2,889	3,252
2,557	2,884	3,227
2,547	2,884	3,204
2,545	2,888	3,183
2,539	2,889	3,175
2,532	2,883	3,168
2,528	2,886	3,158
2,528	2,880	3,158
2,519	2,878	3,125
2,519	2,871	3,126
2,517	2,877	3,113
2,514	2,874	3,125
2,517	2,877	3,108
2,516	2,874	3,103
2,512	2,869	3,082
2,504	2,864	3,063
2,504	2,864	3,068
2,499	2,872	3,073
2,509	2,874	3,090
2,508	2,869	3,102
2,509	2,864	3,093
2,504	2,864	3,083
2,501	2,864	3,068
2,494	2,859	3,063
2,490	2,862	3,076
2,494	2,864	3,083
2,494	2,854	3,083
2,489	2,851	3,080
2,492	2,855	3,078
2,483	2,851	3,088
2,487	2,860	3,107
2,488	2,858	3,110
2,485	2,856	3,095
2,482	2,852	3,088
2,481	2,854	3,078
2,484	2,852	3,105
2,483	2,851	3,116
2,479	2,852	3,114
2,482	2,851	3,102
2,477	2,852	3,096
2,477	2,849	3,096
2,478	2,857	3,100
2,479	2,851	3,084
2,479	2,850	3,086
2,474	2,841	3,086
2,472	2,847	3,083
2,471	2,846	3,083
2,466	2,851	3,084
2,470	2,847	3,070
2,466	2,840	3,058
2,462	2,837	3,048
2,459	2,837	3,022
2,457	2,839	3,027
2,457	2,842	3,036
2,457	2,837	3,044
2,464	2,834	3,055
2,466	2,837	3,054
2,471	2,852	3,088
2,474	2,846	3,103
2,479	2,843	3,086
2,474	2,853	3,108
2,464	2,844	3,079
2,461	2,845	3,070
2,456	2,837	3,069
2,446	2,836	3,055
2,447	2,842	3,056
2,446	2,844	3,047
2,454	2,841	3,083
2,461	2,852	3,103
2,469	2,846	3,101
2,464	2,852	3,120
2,461	2,851	3,121
2,459	2,849	3,135
2,462	2,851	3,142
2,467	2,849	3,157
2,471	2,851	3,139
2,469	2,855	3,158
2,468	2,860	3,187
2,466	2,857	3,204
2,487	2,862	3,217
2,476	2,862	3,230
2,479	2,854	3,202
2,459	2,860	3,185
2,456	2,850	3,170
2,454	2,858	3,177
2,449	2,855	3,135
2,452	2,858	3,127
2,441	2,851	3,155
2,446	2,860	3,135
2,451	2,860	3,166
2,444	2,860	3,150
2,436	2,857	3,150
2,429	2,855	3,135
2,434	2,852	3,128
2,436	2,852	3,138
2,447	2,852	3,148
2,437	2,852	3,153
2,441	2,854	3,160
2,441	2,854	3,143
2,429	2,846	3,137
2,436	2,851	3,165
2,428	2,854	3,128
2,432	2,854	3,126
2,429	2,854	3,145
2,426	2,864	3,172
2,426	2,851	3,152
2,415	2,852	3,132
2,413	2,852	3,122
2,413	2,847	3,094
2,414	2,852	3,091
2,411	2,849	3,120
2,413	2,856	3,123
2,411	2,850	3,120
2,409	2,846	3,107
2,408	2,850	3,115
2,406	2,841	3,112
2,399	2,837	3,093
2,396	2,832	3,078
2,397	2,835	3,069
2,394	2,832	3,050
2,401	2,834	3,046
2,396	2,837	3,053
2,398	2,837	3,077
2,397	2,837	3,075
2,393	2,829	3,073
2,389	2,831	3,061
2,391	2,829	3,056
2,386	2,824	3,054
2,389	2,832	3,063
2,391	2,827	3,065
2,389	2,824	3,060
2,382	2,825	3,056
2,391	2,822	3,047
2,389	2,826	3,058
2,386	2,824	3,063
2,387	2,824	3,058
2,391	2,819	3,039
2,382	2,819	3,004
2,384	2,813	2,988
2,384	2,821	2,996
2,384	2,821	3,011
2,396	2,823	3,038
2,391	2,823	3,056
2,384	2,817	3,053
2,376	2,817	3,033
2,381	2,812	3,034
2,381	2,812	3,051
2,383	2,822	3,068
2,382	2,814	3,065
2,384	2,812	3,070
2,379	2,807	3,053
2,378	2,802	3,031
2,373	2,809	3,028
2,376	2,807	3,026
2,377	2,810	3,031
2,376	2,810	3,028
2,381	2,810	3,005
2,368	2,812	2,993
2,374	2,810	2,991
2,371	2,810	2,996
2,374	2,812	3,022
2,379	2,802	3,034
2,381	2,804	3,021
2,376	2,804	3,008
2,370	2,803	2,996
2,371	2,795	2,997
2,376	2,800	3,001
2,371	2,792	3,004
2,371	2,801	2,979
2,363	2,790	2,954
2,366	2,793	2,951
2,369	2,800	2,974
2,369	2,792	2,991
2,369	2,794	2,996
2,369	2,794	2,991
2,371	2,789	2,992
2,372	2,797	3,003
2,371	2,794	3,013
2,374	2,794	3,031
2,371	2,794	3,040
2,368	2,792	3,034
2,372	2,789	3,033
2,374	2,799	3,053
2,377	2,799	3,071
2,373	2,797	3,084
2,371	2,788	3,096
2,370	2,785	3,098
2,374	2,787	3,098
2,374	2,787	3,108
2,374	2,792	3,115
2,384	2,789	3,117
2,379	2,779	3,111
2,371	2,779	3,095
2,362	2,783	3,068
2,366	2,784	3,068
2,371	2,787	3,083
2,384	2,787	3,093
2,381	2,785	3,091
2,396	2,785	3,115
2,394	2,789	3,120
2,403	2,794	3,135
2,408	2,787	3,133
2,404	2,789	3,115
2,401	2,787	3,147
2,401	2,794	3,128
2,410	2,789	3,113
2,421	2,797	3,156
2,419	2,795	3,167
2,421	2,799	3,185
2,428	2,797	3,138
2,431	2,797	3,137
2,434	2,798	3,132
2,437	2,799	3,174
2,434	2,799	3,192
2,444	2,802	3,189
2,451	2,800	3,194
2,456	2,805	3,249
2,459	2,812	3,267
2,454	2,811	3,276
2,449	2,816	3,273
2,441	2,815	3,237
2,455	2,813	3,229
2,458	2,819	3,261
2,456	2,812	3,266
2,459	2,820	3,239
2,462	2,822	3,227
2,479	2,827	3,220
2,480	2,824	3,221
2,479	2,825	3,212
2,469	2,824	3,192
2,469	2,819	3,167
2,474	2,827	3,224
2,479	2,832	3,245
2,479	2,832	3,237
2,480	2,832	3,226
2,471	2,827	3,239
2,476	2,830	3,257
2,474	2,837	3,249
2,484	2,844	3,281
2,472	2,835	3,262
2,476	2,837	3,267
2,457	2,837	3,262
2,461	2,835	3,244
2,457	2,837	3,237
2,451	2,835	3,245
2,449	2,829	3,244
2,440	2,836	3,231
2,437	2,838	3,226
2,436	2,838	3,227
2,441	2,843	3,249
2,441	2,837	3,197
2,438	2,838	3,197
2,436	2,835	3,194
2,437	2,835	3,216
2,431	2,829	3,197
2,426	2,832	3,185
2,422	2,822	3,163
2,421	2,827	3,171
2,426	2,822	3,170
2,419	2,829	3,160
2,416	2,829	3,166
2,421	2,829	3,172
2,423	2,824	3,177
2,420	2,827	3,182
2,424	2,825	3,178
2,413	2,824	3,170
2,413	2,822	3,159
2,414	2,820	3,147
2,409	2,822	3,138
2,411	2,819	3,142
2,414	2,817	3,145
2,414	2,819	3,150
2,399	2,812	3,150
2,408	2,817	3,157
2,411	2,822	3,166
2,410	2,818	3,182
2,414	2,823	3,185
2,413	2,816	3,185
2,413	2,815	3,180
2,413	2,814	3,178
2,412	2,813	3,172
2,416	2,815	3,189
2,421	2,817	3,207
2,424	2,819	3,221
2,424	2,817	3,214
2,422	2,822	3,204
2,416	2,817	3,201
2,421	2,816	3,210
2,426	2,817	3,220
2,429	2,814	3,237
2,426	2,822	3,239
2,424	2,814	3,232
2,424	2,815	3,224
2,426	2,822	3,229
2,424	2,814	3,227
2,424	2,814	3,226
2,424	2,812	3,220
2,425	2,809	3,192
2,416	2,807	3,178
2,417	2,804	3,172
2,411	2,801	3,187
2,414	2,803	3,197
2,408	2,800	3,206
2,413	2,811	3,196
2,409	2,804	3,195
2,412	2,808	3,187
2,406	2,801	3,207
2,411	2,807	3,207
2,408	2,802	3,199
2,410	2,804	3,199
2,401	2,797	3,192
2,406	2,800	3,195
2,408	2,804	3,205
2,411	2,800	3,209
2,399	2,796	3,213
2,406	2,799	3,217
2,405	2,799	3,217
2,413	2,807	3,243
2,413	2,799	3,257
2,414	2,810	3,279
2,413	2,807	3,292
2,415	2,813	3,300
2,413	2,814	3,315
2,418	2,812	3,326
2,418	2,817	3,318
2,413	2,812	3,292
2,406	2,809	3,260
2,403	2,810	3,252
2,409	2,806	3,264
2,409	2,812	3,256
2,409	2,814	3,257
2,414	2,813	3,241
2,411	2,816	3,245
2,411	2,810	3,264
2,402	2,807	3,274
2,396	2,812	3,248
2,399	2,812	3,220
2,405	2,819	3,197
2,410	2,822	3,219
2,403	2,817	3,214
2,399	2,827	3,210
2,406	2,826	3,182
2,406	2,829	3,196
2,410	2,830	3,229
2,416	2,834	3,230
2,414	2,836	3,228
2,416	2,837	3,234
2,421	2,840	3,292
2,416	2,837	3,289
2,419	2,839	3,272
2,422	2,847	3,284
2,406	2,837	3,321
2,413	2,847	3,321
2,416	2,844	3,326
2,421	2,847	3,341
2,419	2,841	3,300
2,419	2,850	3,279
2,419	2,848	3,291
2,416	2,851	3,324
2,416	2,853	3,290
2,416	2,851	3,284
2,413	2,857	3,263
2,414	2,860	3,264
2,404	2,849	3,260
2,401	2,850	3,174
2,394	2,859	3,182
2,403	2,854	3,204
2,408	2,859	3,235
2,408	2,857	3,240
2,392	2,851	3,244
2,391	2,852	3,219
2,386	2,854	3,179
2,388	2,857	3,155
2,384	2,851	3,150
2,390	2,862	3,152
2,396	2,854	3,184
2,389	2,850	3,167
2,384	2,852	3,155
2,381	2,849	3,126
2,386	2,850	3,102
2,381	2,847	3,085
2,391	2,854	3,095
2,389	2,850	3,094
2,381	2,850	3,079
2,383	2,842	3,055
2,382	2,836	3,065
2,374	2,851	3,068
2,376	2,843	3,064
2,384	2,847	3,056
2,382	2,850	3,042
2,389	2,847	3,036
2,381	2,847	3,023
2,382	2,845	3,019
2,371	2,836	3,018
2,371	2,842	3,021
2,374	2,842	3,029
2,386	2,838	3,029
2,384	2,842	3,020
2,379	2,837	3,016
2,374	2,834	3,016
2,379	2,837	3,016
2,383	2,837	3,018
2,381	2,839	3,029
2,385	2,842	3,034
2,392	2,837	3,046
2,389	2,837	3,056
2,389	2,839	3,068
2,388	2,837	3,071
2,387	2,837	3,080
2,391	2,839	3,090
2,397	2,837	3,106
2,403	2,838	3,129
2,408	2,838	3,135
2,397	2,839	3,135
2,408	2,842	3,128
2,409	2,845	3,133
2,414	2,837	3,138
2,418	2,850	3,135
2,416	2,842	3,133
2,415	2,834	3,120
2,414	2,837	3,110
2,416	2,835	3,100
2,416	2,837	3,110
2,419	2,836	3,105
2,419	2,839	3,098
2,425	2,830	3,087
2,416	2,829	3,075
2,416	2,829	3,065
2,416	2,832	3,056
2,416	2,829	3,041
2,416	2,829	3,035
2,416	2,839	3,053
2,415	2,834	3,065
2,419	2,834	3,076
2,429	2,832	3,074
2,416	2,827	3,056
2,418	2,824	3,035
2,413	2,823	3,038
2,418	2,826	3,037
2,423	2,825	3,032
2,418	2,825	3,021
2,421	2,824	3,023
2,421	2,825	3,026
2,414	2,824	3,029
2,420	2,835	3,038
2,419	2,830	3,055
2,416	2,826	3,040
2,424	2,829	3,033
2,420	2,824	3,043
2,421	2,822	3,043
2,424	2,822	3,045
2,419	2,826	3,053
2,428	2,832	3,073
2,434	2,826	3,088
2,432	2,832	3,125
2,439	2,837	3,107
2,441	2,837	3,137
2,446	2,837	3,135
2,451	2,838	3,137
2,449	2,837	3,115
2,446	2,837	3,135
2,463	2,844	3,217
2,461	2,839	3,234
2,474	2,844	3,239
2,487	2,845	3,237
2,489	2,844	3,212
2,485	2,857	3,217
2,492	2,850	3,189
2,495	2,853	3,183
2,492	2,856	3,229
2,504	2,858	3,289
2,502	2,852	3,267
2,507	2,850	3,325
2,507	2,862	3,329
2,507	2,866	3,326
2,519	2,872	3,322
2,524	2,872	3,354
2,524	2,864	3,345
2,530	2,869	3,317
2,532	2,869	3,284
2,532	2,866	3,289
2,529	2,867	3,278
2,539	2,863	3,278
2,546	2,872	3,264
2,547	2,864	3,274
2,545	2,867	3,307
2,539	2,862	3,265
2,534	2,874	3,304
2,529	2,871	3,282
2,534	2,864	3,309
2,531	2,872	3,271
2,529	2,874	3,248
2,529	2,867	3,251
2,527	2,864	3,276
2,529	2,858	3,287
2,534	2,872	3,289
2,532	2,869	3,304
2,525	2,870	3,297
2,512	2,865	3,254
2,504	2,867	3,224
2,503	2,865	3,222
2,499	2,864	3,207
2,493	2,864	3,214
2,490	2,864	3,194
2,489	2,859	3,180
2,482	2,856	3,159
2,476	2,852	3,157
2,475	2,851	3,167
2,479	2,852	3,176
2,484	2,854	3,189
2,482	2,852	3,182
2,479	2,854	3,167
2,472	2,852	3,160
2,474	2,852	3,160
2,469	2,847	3,164
2,476	2,850	3,175
2,474	2,849	3,174
2,477	2,852	3,167
2,471	2,852	3,164
2,478	2,849	3,175
2,477	2,852	3,177
2,464	2,840	3,178
2,466	2,844	3,172
2,461	2,840	3,152
2,465	2,841	3,139
2,461	2,843	3,138
2,462	2,838	3,142
2,454	2,842	3,140
2,457	2,837	3,138
2,450	2,837	3,124
2,456	2,839	3,135
2,449	2,829	3,142
2,454	2,837	3,145
2,454	2,837	3,140
2,454	2,832	3,133
2,446	2,826	3,117
2,444	2,831	3,110
2,439	2,829	3,121
2,444	2,839	3,132
2,439	2,834	3,138
2,444	2,832	3,130
2,439	2,824	3,113
2,439	2,827	3,110
2,431	2,832	3,118
2,436	2,829	3,123
2,431	2,829	3,133
2,424	2,824	3,108
2,434	2,827	3,101
2,430	2,832	3,110
2,432	2,829	3,120
2,426	2,831	3,125
2,424	2,832	3,123
2,426	2,826	3,114
2,425	2,820	3,103
2,416	2,830	3,113
2,422	2,824	3,118
2,431	2,832	3,135
2,421	2,832	3,151
2,425	2,827	3,133
2,421	2,824	3,119
2,429	2,832	3,146
2,424	2,834	3,160
2,423	2,827	3,154
2,418	2,819	3,117
2,416	2,820	3,090
2,413	2,817	3,083
2,414	2,819	3,107
2,416	2,827	3,100
2,409	2,822	3,095
2,406	2,822	3,098
2,408	2,812	3,056
2,406	2,812	3,066
2,399	2,812	3,053
2,401	2,814	3,040
2,396	2,815	3,036
2,395	2,815	3,029
2,409	2,812	3,052
2,400	2,819	3,060
2,394	2,804	3,052
2,396	2,811	3,053
2,396	2,817	3,065
2,393	2,817	3,054
2,394	2,810	3,029
2,391	2,808	3,008
2,392	2,812	3,016
2,394	2,815	3,025
2,396	2,812	3,043
2,389	2,815	3,070
2,391	2,812	3,085
2,382	2,812	3,065
2,387	2,809	3,063
2,384	2,812	3,063
2,381	2,807	3,062
2,373	2,807	3,063
2,372	2,802	3,068
2,376	2,805	3,065
2,371	2,807	3,078
2,376	2,812	3,098
2,379	2,812	3,123
2,381	2,802	3,150
2,379	2,799	3,155
2,369	2,800	3,145
2,366	2,802	3,140
2,371	2,802	3,140
2,372	2,804	3,150
2,379	2,795	3,162
2,371	2,793	3,169
2,377	2,792	3,157
2,366	2,798	3,135
2,371	2,799	3,123
2,371	2,800	3,128
2,385	2,799	3,143
2,384	2,803	3,147
2,387	2,799	3,135
2,386	2,796	3,133
2,379	2,799	3,115
2,382	2,799	3,102
2,381	2,799	3,099
2,390	2,802	3,100
2,387	2,803	3,107
2,386	2,794	3,103
2,384	2,792	3,088
2,381	2,789	3,078
2,383	2,789	3,072
2,381	2,794	3,073
2,376	2,797	3,056
2,381	2,790	3,058
2,386	2,797	3,083
2,384	2,794	3,077
2,389	2,799	3,083
2,386	2,797	3,095
2,384	2,792	3,093
2,374	2,792	3,080
2,376	2,786	3,081
2,376	2,796	3,092
2,383	2,788	3,105
2,382	2,786	3,118
2,381	2,784	3,113
2,379	2,784	3,102
2,373	2,790	3,093
2,374	2,782	3,090
2,376	2,792	3,095
2,379	2,794	3,122
2,382	2,792	3,136
2,376	2,786	3,122
2,369	2,784	3,108
2,376	2,789	3,108
2,382	2,792	3,126
2,379	2,791	3,142
2,384	2,789	3,145
2,371	2,789	3,128
2,366	2,795	3,111
2,382	2,800	3,149
2,391	2,807	3,190
2,392	2,808	3,199
2,389	2,809	3,192
2,401	2,812	3,234
2,405	2,804	3,240
2,399	2,804	3,227
2,397	2,809	3,219
2,409	2,822	3,260
2,413	2,810	3,255
2,413	2,809	3,255
2,434	2,813	3,279
2,428	2,816	3,276
2,436	2,815	3,267
2,452	2,821	3,275
2,449	2,819	3,271
2,449	2,825	3,257
2,451	2,835	3,256
2,454	2,835	3,276
2,464	2,829	3,265
2,466	2,832	3,324
2,467	2,834	3,316
2,461	2,832	3,301
2,464	2,831	3,325
2,485	2,830	3,322
2,492	2,839	3,321
2,492	2,835	3,304
2,497	2,841	3,336
2,498	2,842	3,361
2,491	2,841	3,374
2,492	2,837	3,369
2,489	2,849	3,361
2,494	2,847	3,384
2,489	2,847	3,381
2,483	2,849	3,368
2,482	2,842	3,366
2,484	2,847	3,374
2,472	2,839	3,363
2,469	2,838	3,320
2,459	2,836	3,293
2,449	2,831	3,282
2,443	2,825	3,264
2,436	2,831	3,260
2,442	2,827	3,253
2,436	2,830	3,244
2,431	2,825	3,224
2,427	2,825	3,209
2,421	2,815	3,204
2,424	2,822	3,212
2,429	2,822	3,223
2,426	2,821	3,227
2,431	2,824	3,224
2,421	2,822	3,233
2,429	2,819	3,244
2,434	2,822	3,270
2,434	2,825	3,272
2,436	2,827	3,274
2,435	2,827	3,259
2,437	2,824	3,259
2,436	2,824	3,259
2,437	2,824	3,272
2,439	2,830	3,282
2,447	2,827	3,289
2,446	2,825	3,277
2,436	2,824	3,257
2,437	2,823	3,264
2,439	2,824	3,269
2,439	2,826	3,289
2,446	2,829	3,288
2,444	2,818	3,276
2,435	2,821	3,269
2,434	2,827	3,266
2,436	2,825	3,262
2,439	2,824	3,271
2,441	2,825	3,277
2,450	2,824	3,276
2,449	2,824	3,272
2,441	2,817	3,269
2,444	2,822	3,251
2,439	2,826	3,254
2,439	2,827	3,255
2,441	2,819	3,251
2,445	2,822	3,251
2,445	2,822	3,242
2,441	2,822	3,237
2,441	2,822	3,236
2,449	2,825	3,232
2,443	2,824	3,226
2,446	2,824	3,229
2,449	2,820	3,219
2,449	2,824	3,215
2,449	2,822	3,214
2,446	2,821	3,207
2,446	2,819	3,194
2,444	2,812	3,181
2,449	2,818	3,165
2,441	2,820	3,160
2,441	2,818	3,155
2,439	2,812	3,145
2,438	2,812	3,134
2,436	2,810	3,133
2,434	2,814	3,122
2,436	2,812	3,128
2,433	2,809	3,123
2,437	2,819	3,155
2,441	2,812	3,172
2,439	2,809	3,157
2,439	2,812	3,154
2,436	2,815	3,160
2,432	2,812	3,175
2,446	2,819	3,185
2,449	2,819	3,214
2,447	2,825	3,237
2,457	2,820	3,245
2,461	2,819	3,244
2,464	2,817	3,271
2,475	2,824	3,301
2,467	2,819	3,294
2,471	2,822	3,296
2,469	2,825	3,314
2,467	2,831	3,319
2,471	2,834	3,309
2,472	2,835	3,315
2,477	2,836	3,324
2,479	2,825	3,331
2,486	2,836	3,326
2,491	2,837	3,319
2,497	2,837	3,313
2,506	2,837	3,301
2,500	2,837	3,309
2,504	2,839	3,277
2,507	2,839	3,309
2,516	2,837	3,317
2,521	2,852	3,324
2,517	2,851	3,358
2,519	2,846	3,392
2,527	2,850	3,364
2,529	2,852	3,347
2,525	2,852	3,374
2,526	2,852	3,406
2,532	2,857	3,359
2,539	2,859	3,323
2,542	2,851	3,349
2,539	2,854	3,379
2,537	2,852	3,391
2,526	2,852	3,384
2,527	2,860	3,347
2,524	2,867	3,321
2,527	2,861	3,329
2,518	2,849	3,317
2,525	2,858	3,314
2,524	2,856	3,313
2,525	2,853	3,314
2,522	2,853	3,311
2,504	2,846	3,267
2,497	2,852	3,239
2,497	2,847	3,210
2,485	2,844	3,177
2,482	2,849	3,167
2,479	2,842	3,164
2,484	2,837	3,153
2,479	2,837	3,125
2,482	2,842	3,101
2,476	2,836	3,078
2,479	2,836	3,073
2,477	2,835	3,080
2,479	2,832	3,067
2,472	2,832	3,068
2,469	2,829	3,066
2,477	2,832	3,071
2,479	2,835	3,081
2,482	2,834	3,098
2,478	2,825	3,096
2,476	2,832	3,106
2,479	2,830	3,113
2,472	2,832	3,118
2,477	2,835	3,123
2,477	2,822	3,135
2,476	2,822	3,145
2,476	2,827	3,153
2,479	2,830	3,175
2,479	2,825	3,179
2,477	2,825	3,183
2,484	2,830	3,173
2,474	2,833	3,183
2,479	2,832	3,197
2,486	2,829	3,204
2,489	2,832	3,215
2,497	2,830	3,211
2,492	2,832	3,199
2,489	2,829	3,194
2,493	2,834	3,204
2,492	2,834	3,212
2,497	2,834	3,223
2,494	2,829	3,212
2,491	2,830	3,202
2,494	2,832	3,194
2,492	2,830	3,202
2,495	2,835	3,201
2,489	2,827	3,216
2,495	2,832	3,217
2,487	2,832	3,219
2,494	2,829	3,213
2,494	2,824	3,205
2,490	2,832	3,184
2,489	2,820	3,172
2,482	2,824	3,160
2,484	2,830	3,175
2,501	2,826	3,198
2,502	2,825	3,197
2,492	2,828	3,187
2,479	2,825	3,164
2,487	2,827	3,169
2,502	2,837	3,204
2,512	2,835	3,205
2,525	2,839	3,227
2,527	2,845	3,249
2,524	2,847	3,269
2,521	2,844	3,287
2,524	2,842	3,299
2,532	2,846	3,269
2,548	2,852	3,258
2,547	2,851	3,280
2,564	2,852	3,306
2,561	2,842	3,284
2,560	2,852	3,262
2,572	2,859	3,264
2,587	2,864	3,317
2,594	2,862	3,330
2,605	2,864	3,284
2,600	2,859	3,305
2,602	2,862	3,353
2,597	2,864	3,391
2,607	2,872	3,386
2,622	2,874	3,360
2,627	2,883	3,319
2,625	2,876	3,321
2,621	2,878	3,321
2,635	2,886	3,354
2,644	2,888	3,371
2,652	2,892	3,384
2,657	2,897	3,377
2,644	2,899	3,316
2,642	2,889	3,334
2,637	2,894	3,362
2,662	2,899	3,391
2,657	2,899	3,381
2,654	2,899	3,376
2,664	2,899	3,416
2,668	2,898	3,444
2,662	2,906	3,422
2,661	2,909	3,369
2,657	2,912	3,367
2,654	2,914	3,366
2,654	2,912	3,362
2,645	2,910	3,334
2,632	2,912	3,277
2,625	2,914	3,291
2,614	2,912	3,271
2,604	2,904	3,262
2,600	2,904	3,244
2,597	2,904	3,217
2,590	2,896	3,197
2,585	2,894	3,185
2,592	2,902	3,235
2,584	2,901	3,226
2,583	2,892	3,187
2,580	2,893	3,160
2,572	2,892	3,160
2,567	2,892	3,141
2,569	2,889	3,138
2,568	2,887	3,135
2,559	2,889	3,133
2,558	2,884	3,129
2,547	2,882	3,108
2,547	2,879	3,080
2,541	2,879	3,070
2,539	2,882	3,068
2,534	2,874	3,077
2,529	2,879	3,086
2,534	2,877	3,096
2,529	2,874	3,099
2,526	2,874	3,090
2,525	2,872	3,088
2,522	2,869	3,083
2,524	2,872	3,090
2,517	2,874	3,103
2,527	2,877	3,112
2,527	2,867	3,123
2,524	2,869	3,125
2,524	2,870	3,115
2,524	2,876	3,130
2,529	2,881	3,147
2,532	2,876	3,162
2,532	2,880	3,172
2,533	2,886	3,172
2,527	2,880	3,177
2,527	2,882	3,180
2,529	2,879	3,195
2,534	2,887	3,207
2,545	2,880	3,205
2,534	2,884	3,196
2,528	2,879	3,194
2,529	2,884	3,202
2,534	2,888	3,204
2,533	2,891	3,204
2,537	2,886	3,201
2,530	2,887	3,192
2,522	2,887	3,187
2,522	2,887	3,185
2,522	2,884	3,184
2,527	2,888	3,186
2,521	2,884	3,172
2,524	2,889	3,162
2,522	2,882	3,156
2,514	2,882	3,155
2,509	2,882	3,166
2,510	2,889	3,175
2,514	2,887	3,167
2,507	2,876	3,165
2,502	2,883	3,157
2,502	2,883	3,140
2,499	2,875	3,137
2,504	2,883	3,154
2,498	2,879	3,158
2,497	2,880	3,148
2,496	2,884	3,150
2,492	2,885	3,155
2,496	2,884	3,172
2,492	2,882	3,177
2,499	2,877	3,191
2,492	2,872	3,197
2,504	2,874	3,226
2,511	2,878	3,227
2,505	2,884	3,264
2,516	2,889	3,292
2,524	2,892	3,309
2,527	2,887	3,321
2,532	2,892	3,334
2,529	2,897	3,323
2,539	2,894	3,327
2,545	2,902	3,321
2,547	2,907	3,364
2,552	2,904	3,384
2,544	2,899	3,372
2,547	2,897	3,364
2,548	2,899	3,364
2,544	2,910	3,409
2,557	2,908	3,434
2,569	2,910	3,403
2,569	2,911	3,391
2,577	2,910	3,381
2,585	2,918	3,396
2,588	2,919	3,384
2,592	2,912	3,356
2,594	2,916	3,372
2,594	2,914	3,361
2,592	2,914	3,285
2,601	2,914	3,291
2,607	2,916	3,304
2,607	2,924	3,314
2,612	2,913	3,288
2,609	2,924	3,284
2,608	2,918	3,355
2,612	2,919	3,371
2,611	2,923	3,417
2,615	2,931	3,442
2,615	2,931	3,421
2,612	2,924	3,367
2,609	2,919	3,331
2,626	2,932	3,294
2,627	2,936	3,346
2,625	2,931	3,362
2,619	2,931	3,350
2,607	2,929	3,343
2,603	2,924	3,354
2,604	2,931	3,359
2,604	2,925	3,364
2,613	2,926	3,338
2,599	2,925	3,335
2,592	2,923	3,321
2,576	2,921	3,277
2,571	2,919	3,243
2,567	2,917	3,229
2,562	2,919	3,201
2,560	2,916	3,202
2,547	2,907	3,197
2,545	2,907	3,181
2,542	2,907	3,162
2,542	2,906	3,147
2,539	2,903	3,145
2,537	2,904	3,146
2,526	2,899	3,145
2,532	2,897	3,145
2,524	2,894	3,140
2,525	2,897	3,128
2,517	2,893	3,117
2,527	2,897	3,120
2,523	2,894	3,135
2,528	2,891	3,152
2,524	2,892	3,165
2,520	2,889	3,180
2,522	2,887	3,180
2,512	2,884	3,182
2,517	2,881	3,192
2,512	2,887	3,204
2,522	2,885	3,216
2,514	2,882	3,222
2,514	2,888	3,219
2,514	2,879	3,219
2,507	2,880	3,210
2,506	2,880	3,208
2,509	2,884	3,212
2,507	2,877	3,224
2,507	2,879	3,235
2,512	2,871	3,245
2,507	2,874	3,237
2,504	2,874	3,226
2,504	2,871	3,219
2,504	2,872	3,222
2,505	2,877	3,246
2,508	2,879	3,260
2,514	2,880	3,269
2,505	2,872	3,265
2,500	2,872	3,257
2,504	2,870	3,249
2,499	2,871	3,244
2,504	2,880	3,249
2,501	2,879	3,254
2,507	2,877	3,251
2,507	2,869	3,249
2,502	2,879	3,249
2,502	2,871	3,242
2,490	2,870	3,227
2,499	2,878	3,205
2,499	2,876	3,197
2,504	2,877	3,194
2,499	2,863	3,185
2,499	2,865	3,170
2,497	2,865	3,153
2,490	2,862	3,138
2,497	2,864	3,117
2,489	2,869	3,125
2,492	2,862	3,132
2,492	2,862	3,140
2,487	2,864	3,110
2,484	2,861	3,098
2,482	2,864	3,110
2,477	2,864	3,124
2,479	2,864	3,088
2,478	2,869	3,103
2,487	2,864	3,113
2,500	2,868	3,175
2,505	2,874	3,149
2,511	2,874	3,165
2,517	2,872	3,184
2,518	2,877	3,164
2,508	2,880	3,152
2,507	2,879	3,138
2,517	2,880	3,164
2,514	2,875	3,202
2,509	2,877	3,212
2,516	2,883	3,231
2,512	2,888	3,240
2,522	2,890	3,214
2,529	2,884	3,227
2,537	2,887	3,219
2,537	2,885	3,268
2,536	2,887	3,262
2,538	2,887	3,252
2,547	2,892	3,295
2,547	2,891	3,304
2,547	2,891	3,257
2,546	2,891	3,259
2,552	2,888	3,274
2,557	2,894	3,269
2,560	2,899	3,304
2,567	2,897	3,337
2,554	2,894	3,287
2,551	2,899	3,239
2,559	2,899	3,267
2,555	2,907	3,319
2,562	2,896	3,301
2,554	2,904	3,293
2,552	2,894	3,284
2,547	2,894	3,272
2,536	2,894	3,281
2,534	2,892	3,251
2,527	2,894	3,246
2,524	2,887	3,234
2,522	2,891	3,216
2,522	2,896	3,221
2,522	2,895	3,220
2,519	2,893	3,232
2,524	2,891	3,212
2,519	2,887	3,202
2,514	2,887	3,198
2,509	2,884	3,177
2,515	2,884	3,160
2,502	2,887	3,165
2,509	2,884	3,159
2,504	2,879	3,157
2,501	2,878	3,155
2,508	2,884	3,177
2,507	2,882	3,187
2,509	2,887	3,202
2,512	2,874	3,199
2,502	2,879	3,184
2,495	2,880	3,180
2,499	2,877	3,180
2,497	2,882	3,184
2,494	2,879	3,182
2,494	2,874	3,179
2,487	2,874	3,167
2,492	2,866	3,159
2,488	2,865	3,148
2,479	2,863	3,143
2,479	2,872	3,135
2,480	2,864	3,113
2,477	2,865	3,109
2,475	2,866	3,110
2,472	2,864	3,100
2,464	2,860	3,091
2,469	2,864	3,085
2,469	2,862	3,099
2,473	2,862	3,098
2,469	2,862	3,093
2,461	2,854	3,073
2,464	2,859	3,077
2,461	2,864	3,091
2,466	2,861	3,105
2,463	2,864	3,110
2,468	2,857	3,123
2,461	2,859	3,104
2,464	2,862	3,113
2,464	2,857	3,138
2,464	2,854	3,133
2,470	2,864	3,126
2,474	2,862	3,144
2,472	2,857	3,140
2,469	2,852	3,135
2,466	2,857	3,128
2,469	2,864	3,140
2,471	2,859	3,131
2,478	2,854	3,140
2,479	2,862	3,172
2,484	2,861	3,167
2,492	2,868	3,198
2,499	2,871	3,217
2,502	2,869	3,252
2,499	2,866	3,259
2,491	2,860	3,219
2,499	2,869	3,210
2,497	2,869	3,222
2,499	2,874	3,245
2,504	2,877	3,280
2,505	2,874	3,271
2,504	2,871	3,269
2,504	2,878	3,227
2,504	2,871	3,244
2,512	2,874	3,259
2,513	2,877	3,280
2,519	2,879	3,262
2,517	2,869	3,240
2,522	2,877	3,219
2,524	2,879	3,225
2,518	2,879	3,187
2,524	2,882	3,197
2,535	2,882	3,218
2,532	2,882	3,239
2,524	2,877	3,219
2,524	2,885	3,199
2,529	2,886	3,227
2,543	2,896	3,254
2,544	2,892	3,223
2,535	2,887	3,207
2,537	2,891	3,242
2,537	2,893	3,276
2,537	2,892	3,326
2,537	2,888	3,312
2,547	2,892	3,322
2,547	2,897	3,315
2,534	2,891	3,276
2,522	2,882	3,249
2,517	2,889	3,244
2,523	2,894	3,253
2,524	2,893	3,279
2,522	2,891	3,276
2,517	2,892	3,239
2,512	2,884	3,214
2,504	2,887	3,220
2,501	2,884	3,194
2,499	2,877	3,175
2,486	2,875	3,160
2,484	2,874	3,145
2,476	2,874	3,135
2,476	2,869	3,135
2,480	2,875	3,137
2,479	2,871	3,128
2,477	2,867	3,133
2,479	2,864	3,145
2,474	2,869	3,157
2,481	2,872	3,170
2,479	2,871	3,170
2,476	2,872	3,164
2,469	2,866	3,167
2,479	2,869	3,167
2,474	2,870	3,177
2,482	2,871	3,187
2,481	2,869	3,192
2,482	2,866	3,197
2,479	2,867	3,199
2,479	2,867	3,189
2,479	2,864	3,183
2,480	2,863	3,178
2,479	2,869	3,185
2,479	2,862	3,189
2,474	2,864	3,192
2,479	2,859	3,188
2,470	2,856	3,180
2,472	2,862	3,170
2,480	2,860	3,167
2,476	2,864	3,170
2,474	2,864	3,180
2,475	2,859	3,177
2,469	2,857	3,177
2,472	2,857	3,180
2,469	2,857	3,177
2,472	2,851	3,186
2,464	2,857	3,179
2,468	2,854	3,175
2,472	2,856	3,175
2,469	2,855	3,187
2,469	2,851	3,192
2,466	2,854	3,189
2,461	2,852	3,172
2,463	2,850	3,160
2,456	2,857	3,171
2,469	2,854	3,177
2,466	2,851	3,172
2,464	2,857	3,165
2,464	2,851	3,156
2,464	2,852	3,159
2,468	2,851	3,164
2,456	2,852	3,160
2,456	2,852	3,158
2,466	2,846	3,151
2,466	2,847	3,158
2,472	2,852	3,167
2,479	2,854	3,199
2,480	2,858	3,202
2,479	2,860	3,197
2,489	2,856	3,192
2,490	2,859	3,199
2,496	2,859	3,211
2,488	2,862	3,214
2,497	2,864	3,233
2,504	2,866	3,227
2,509	2,871	3,220
2,517	2,863	3,240
2,511	2,856	3,202
2,512	2,859	3,216
2,509	2,861	3,194
2,519	2,870	3,199
2,527	2,866	3,212
2,526	2,872	3,194
2,535	2,867	3,205
2,531	2,874	3,207
2,532	2,869	3,199
2,539	2,880	3,185
2,547	2,879	3,205
2,544	2,880	3,252
2,546	2,880	3,305
2,542	2,874	3,306
2,532	2,879	3,241
2,537	2,879	3,221
2,522	2,882	3,256
2,522	2,880	3,269
2,521	2,880	3,244
2,522	2,883	3,197
2,517	2,882	3,158
2,524	2,884	3,229
2,520	2,880	3,224
2,524	2,882	3,254
2,515	2,877	3,215
2,502	2,877	3,187
2,502	2,873	3,180
2,501	2,868	3,182
2,490	2,880	3,158
2,488	2,872	3,124
2,487	2,874	3,128
2,484	2,869	3,142
2,481	2,872	3,118
2,476	2,865	3,090
2,470	2,864	3,109
2,466	2,864	3,101
2,467	2,869	3,123
2,462	2,869	3,131
2,456	2,866	3,108
2,456	2,864	3,105
2,451	2,861	3,088
2,445	2,861	3,075
2,449	2,862	3,063
2,441	2,860	3,086
2,439	2,856	3,078
2,436	2,859	3,080
2,446	2,857	3,088
2,439	2,852	3,096
2,437	2,854	3,095
2,436	2,851	3,095
2,434	2,851	3,095
2,433	2,847	3,108
2,436	2,852	3,115
2,435	2,852	3,116
2,434	2,842	3,117
2,429	2,838	3,123
2,429	2,850	3,120
2,421	2,843	3,114
2,426	2,840	3,111
2,424	2,842	3,122
2,419	2,838	3,117
2,426	2,832	3,115
2,421	2,837	3,113
2,417	2,832	3,103
2,426	2,837	3,108
2,426	2,839	3,116
2,426	2,837	3,125
2,419	2,835	3,128
2,421	2,834	3,125
2,426	2,836	3,135
2,420	2,836	3,145
2,418	2,837	3,160
2,429	2,835	3,171
2,426	2,839	3,173
2,423	2,837	3,172
2,422	2,837	3,185
2,418	2,835	3,195
2,424	2,832	3,200
2,424	2,837	3,192
2,424	2,832	3,189
2,421	2,837	3,187
2,421	2,832	3,195
2,424	2,829	3,200
2,424	2,828	3,194
2,421	2,828	3,185
2,418	2,828	3,184
2,418	2,837	3,171
2,417	2,825	3,184
2,421	2,833	3,196
2,431	2,833	3,210
2,436	2,830	3,219
2,424	2,829	3,203
2,425	2,829	3,189
2,411	2,826	3,170
2,421	2,827	3,167
2,426	2,824	3,172
2,424	2,832	3,170
2,429	2,824	3,160
2,424	2,825	3,167
2,417	2,822	3,172
2,419	2,822	3,166
2,419	2,824	3,148
2,421	2,827	3,157
2,419	2,822	3,138
2,409	2,822	3,128
2,416	2,817	3,110
2,418	2,822	3,103
2,426	2,824	3,140
2,429	2,824	3,170
2,431	2,824	3,160
2,426	2,827	3,160
2,438	2,829	3,142
2,426	2,822	3,157
2,419	2,826	3,148
2,421	2,825	3,114
2,416	2,826	3,121
2,417	2,830	3,162
2,413	2,825	3,160
2,429	2,827	3,175
2,439	2,837	3,213
2,451	2,844	3,244
2,459	2,835	3,230
2,443	2,829	3,198
2,436	2,832	3,169
2,441	2,827	3,160
2,441	2,829	3,197
2,456	2,824	3,241
2,466	2,830	3,279
2,472	2,834	3,313
2,466	2,837	3,314
2,459	2,837	3,310
2,469	2,844	3,304
2,474	2,850	3,260
2,465	2,852	3,239
2,466	2,844	3,239
2,462	2,839	3,236
2,465	2,844	3,227
2,464	2,852	3,234
2,449	2,852	3,209
2,448	2,848	3,204
2,455	2,845	3,199
2,449	2,847	3,192
2,457	2,853	3,242
2,454	2,849	3,238
2,446	2,845	3,254
2,454	2,852	3,272
2,456	2,852	3,262
2,452	2,849	3,259
2,464	2,852	3,292
2,462	2,849	3,274
2,459	2,849	3,257
2,466	2,849	3,287
2,462	2,852	3,276
2,459	2,849	3,254
2,459	2,857	3,262
2,457	2,851	3,262
2,459	2,849	3,257
2,459	2,849	3,230
2,452	2,839	3,202
2,437	2,839	3,167
2,441	2,842	3,169
2,439	2,845	3,168
2,439	2,842	3,167
2,428	2,841	3,153
2,425	2,837	3,154
2,426	2,837	3,155
2,431	2,844	3,156
2,426	2,837	3,148
2,428	2,834	3,140
2,427	2,823	3,132
2,413	2,830	3,110
2,414	2,834	3,094
2,416	2,828	3,103
2,413	2,828	3,102
2,417	2,826	3,103
2,413	2,830	3,090
2,410	2,825	3,079
2,406	2,825	3,073
2,411	2,824	3,073
2,411	2,832	3,076
2,409	2,824	3,079
2,413	2,824	3,086
2,413	2,824	3,088
2,411	2,822	3,092
2,411	2,822	3,090
2,413	2,829	3,097
2,416	2,830	3,103
2,421	2,829	3,115
2,413	2,824	3,135
2,421	2,830	3,142
2,413	2,830	3,147
2,421	2,829	3,152
2,413	2,832	3,164
2,417	2,825	3,170
2,414	2,832	3,172
2,419	2,827	3,178
2,416	2,826	3,189
2,419	2,823	3,184
2,422	2,821	3,188
2,419	2,826	3,187
2,411	2,829	3,175
2,413	2,825	3,177
2,411	2,826	3,172
2,408	2,825	3,172
2,413	2,825	3,190
2,414	2,821	3,199
2,416	2,827	3,209
2,413	2,824	3,214
2,414	2,822	3,204
2,405	2,824	3,196
2,409	2,825	3,207
2,411	2,824	3,227
2,414	2,822	3,252
2,413	2,824	3,262
2,414	2,824	3,260
2,415	2,824	3,255
2,413	2,829	3,252
2,422	2,825	3,242
2,414	2,825	3,243
2,424	2,825	3,245
2,424	2,824	3,259
2,418	2,830	3,257
2,422	2,824	3,257
2,424	2,824	3,243
2,424	2,827	3,247
2,429	2,827	3,247
2,424	2,829	3,262
2,424	2,835	3,259
2,426	2,826	3,255
2,428	2,830	3,246
2,436	2,834	3,253
2,439	2,839	3,264
2,436	2,827	3,251
2,446	2,837	3,297
2,455	2,837	3,291
2,446	2,832	3,302
2,446	2,832	3,292
2,447	2,835	3,236
2,454	2,837	3,269
2,465	2,839	3,276
2,456	2,836	3,257
2,467	2,839	3,242
2,472	2,842	3,305
2,479	2,847	3,304
2,479	2,847	3,279
2,479	2,849	3,297
2,478	2,845	3,319
2,487	2,850	3,301
2,504	2,852	3,321
2,509	2,849	3,354
2,508	2,849	3,379
2,520	2,841	3,370
2,522	2,847	3,367
2,525	2,857	3,391
2,542	2,864	3,419
2,547	2,861	3,417
2,542	2,856	3,406
2,542	2,851	3,364
2,540	2,859	3,329
2,547	2,853	3,301
2,552	2,863	3,302
2,557	2,861	3,312
2,564	2,855	3,326
2,555	2,857	3,311
2,557	2,851	3,312
2,557	2,852	3,320
2,567	2,862	3,301
2,567	2,864	3,304
2,567	2,854	3,256
2,562	2,855	3,244
2,560	2,859	3,237
2,559	2,857	3,229
2,557	2,859	3,212
2,549	2,862	3,210
2,551	2,864	3,260
2,555	2,864	3,247
2,542	2,865	3,215
2,534	2,862	3,201
2,532	2,857	3,197
2,527	2,862	3,210
2,520	2,862	3,203
2,524	2,864	3,182
2,520	2,854	3,160
2,512	2,851	3,160
2,504	2,849	3,141
2,499	2,851	3,115
2,504	2,850	3,083
2,504	2,846	3,075
2,502	2,850	3,096
2,504	2,853	3,103
2,504	2,850	3,105
2,494	2,847	3,114
2,506	2,847	3,110
2,497	2,844	3,101
2,492	2,844	3,099
2,494	2,847	3,098
2,492	2,841	3,105
2,494	2,847	3,120
2,497	2,844	3,123
2,487	2,837	3,114
2,484	2,839	3,105
2,479	2,842	3,110
2,479	2,841	3,110
2,479	2,842	3,108
2,479	2,841	3,111
2,484	2,839	3,120
2,479	2,842	3,128
2,482	2,844	3,130
2,471	2,837	3,136
2,476	2,837	3,125
2,482	2,839	3,115
2,479	2,839	3,130
2,484	2,829	3,142
2,479	2,834	3,147
2,476	2,838	3,135
2,479	2,831	3,135
2,470	2,837	3,138
2,472	2,839	3,138
2,469	2,837	3,156
2,474	2,837	3,162
2,468	2,834	3,158
2,480	2,832	3,153
2,461	2,830	3,139
2,462	2,829	3,145
2,462	2,827	3,123
2,456	2,829	3,105
2,458	2,823	3,113
2,466	2,829	3,139
2,464	2,825	3,123
2,457	2,825	3,140
2,464	2,825	3,131
2,464	2,827	3,142
2,463	2,824	3,153
2,470	2,835	3,162
2,479	2,837	3,169
2,479	2,829	3,160
2,469	2,830	3,136
2,476	2,830	3,168
2,486	2,837	3,187
2,484	2,837	3,182
2,487	2,834	3,180
2,482	2,828	3,167
2,486	2,835	3,160
2,479	2,836	3,157
2,479	2,823	3,164
2,478	2,838	3,184
2,484	2,836	3,181
2,489	2,838	3,207
2,497	2,837	3,234
2,499	2,837	3,260
2,508	2,837	3,274
2,507	2,847	3,286
2,510	2,852	3,269
2,514	2,852	3,296
2,514	2,846	3,284
2,509	2,839	3,236
2,519	2,844	3,257
2,518	2,852	3,296
2,524	2,856	3,324
2,522	2,852	3,319
2,517	2,846	3,269
2,514	2,853	3,289
2,519	2,854	3,296
2,522	2,859	3,259
2,529	2,854	3,277
2,534	2,859	3,319
2,527	2,854	3,302
2,522	2,854	3,317
2,524	2,861	3,322
2,534	2,861	3,314
2,534	2,863	3,311
2,537	2,863	3,309
2,535	2,856	3,299
2,539	2,857	3,326
2,545	2,861	3,324
2,534	2,864	3,336
2,542	2,862	3,344
2,526	2,857	3,301
2,521	2,852	3,264
2,522	2,852	3,252
2,519	2,852	3,237
2,512	2,857	3,228
2,514	2,852	3,217
2,504	2,851	3,202
2,499	2,847	3,172
2,509	2,849	3,185
2,505	2,845	3,187
2,505	2,847	3,185
2,504	2,849	3,185
2,502	2,841	3,165
2,501	2,842	3,167
2,495	2,839	3,182
2,497	2,837	3,164
2,489	2,841	3,144
2,484	2,842	3,163
2,492	2,837	3,150
2,497	2,837	3,155
2,489	2,830	3,145
2,479	2,835	3,137
2,469	2,835	3,137
2,464	2,834	3,134
2,464	2,825	3,145
2,469	2,826	3,150
2,458	2,827	3,161
2,464	2,827	3,172
2,466	2,830	3,185
2,464	2,822	3,180
2,456	2,824	3,179
2,457	2,824	3,171
2,457	2,827	3,187
2,462	2,830	3,192
2,462	2,826	3,202
2,464	2,832	3,197
2,460	2,824	3,194
2,462	2,822	3,185
2,458	2,824	3,180
2,459	2,829	3,185
2,464	2,829	3,194
2,469	2,835	3,207
2,469	2,829	3,224
2,466	2,825	3,222
2,462	2,824	3,210
2,459	2,819	3,205
2,459	2,825	3,204
2,464	2,827	3,214
2,458	2,823	3,204
2,459	2,820	3,178
2,456	2,820	3,157
2,454	2,814	3,135
2,441	2,813	3,128
2,449	2,818	3,123
2,454	2,816	3,114
2,453	2,825	3,143
2,446	2,813	3,133
2,446	2,812	3,105
2,439	2,807	3,098
2,445	2,812	3,103
2,452	2,814	3,120
2,446	2,814	3,117
2,452	2,817	3,126
2,446	2,812	3,113
2,444	2,809	3,091
2,440	2,812	3,103
2,444	2,812	3,113
2,444	2,812	3,106
2,437	2,812	3,103
2,439	2,809	3,103
2,436	2,807	3,100
2,451	2,817	3,145
2,457	2,817	3,197
2,459	2,817	3,207
2,461	2,814	3,205
2,451	2,814	3,179
2,452	2,824	3,155
2,451	2,815	3,138
2,449	2,814	3,156
2,457	2,820	3,142
2,459	2,814	3,164
2,464	2,813	3,160
2,474	2,818	3,154
2,487	2,825	3,185
2,491	2,826	3,172
2,487	2,822	3,175
2,484	2,817	3,172
2,482	2,819	3,181
2,484	2,825	3,205
2,482	2,832	3,229
2,487	2,830	3,207
2,497	2,826	3,172
2,494	2,832	3,213
2,504	2,824	3,269
2,506	2,830	3,255
2,514	2,837	3,235
2,520	2,839	3,212
2,522	2,847	3,238
2,517	2,838	3,234
2,519	2,842	3,259
2,516	2,839	3,272
2,524	2,839	3,264
2,519	2,844	3,257
2,520	2,840	3,242
2,529	2,847	3,271
2,529	2,850	3,232
2,520	2,849	3,235
2,536	2,852	3,271
2,536	2,853	3,275
2,537	2,858	3,279
2,532	2,841	3,284
2,539	2,849	3,318
2,546	2,852	3,334
2,538	2,852	3,296
2,542	2,862	3,267
2,537	2,857	3,311
2,527	2,860	3,285
2,529	2,857	3,262
2,537	2,851	3,269
2,542	2,861	3,299
2,547	2,864	3,279
2,542	2,860	3,292
2,542	2,863	3,303
2,537	2,862	3,301
2,534	2,867	3,334
2,530	2,869	3,337
2,532	2,862	3,296
2,537	2,869	3,279
2,542	2,866	3,314
2,536	2,867	3,301
2,525	2,869	3,273
2,527	2,864	3,182
2,545	2,869	3,187
2,549	2,867	3,230
2,547	2,869	3,217
2,546	2,872	3,187
2,532	2,863	3,189
2,527	2,863	3,155
2,524	2,873	3,199
2,521	2,865	3,161
2,517	2,862	3,130
2,524	2,872	3,149
2,518	2,874	3,177
2,524	2,869	3,185
2,517	2,867	3,154
2,514	2,874	3,145
2,507	2,871	3,147
2,501	2,867	3,111
2,504	2,866	3,098
2,499	2,863	3,098
2,492	2,864	3,088
2,489	2,864	3,083
2,488	2,857	3,088
2,479	2,854	3,076
2,478	2,852	3,078
2,472	2,853	3,038
2,474	2,852	3,031
2,464	2,849	3,033
2,459	2,842	3,019
2,458	2,844	3,011
2,452	2,844	3,006
2,452	2,847	2,999
2,444	2,832	2,984
2,449	2,831	2,982
2,450	2,837	3,005
2,456	2,846	3,026
2,456	2,840	3,031
2,452	2,844	3,028
2,449	2,837	3,022
2,454	2,840	3,032
2,456	2,839	3,033
2,458	2,842	3,036
2,457	2,845	3,044
2,457	2,834	3,046
2,454	2,836	3,048
2,456	2,836	3,036
2,457	2,833	3,043
2,457	2,835	3,064
2,449	2,832	3,070
2,452	2,832	3,086
2,449	2,834	3,098
2,444	2,837	3,086
2,441	2,832	3,084
2,439	2,837	3,086
2,441	2,829	3,085
2,444	2,832	3,088
2,441	2,829	3,098
2,436	2,832	3,111
2,440	2,830	3,105
2,439	2,827	3,102
2,436	2,829	3,103
2,436	2,827	3,108
2,436	2,830	3,115
2,440	2,823	3,122
2,434	2,825	3,128
2,434	2,819	3,125
2,429	2,822	3,123
2,434	2,825	3,135
2,431	2,825	3,145
2,436	2,827	3,153
2,438	2,827	3,152
2,437	2,825	3,144
2,434	2,824	3,135
2,436	2,825	3,127
2,430	2,819	3,115
2,433	2,819	3,099
2,429	2,819	3,103
2,434	2,824	3,113
2,436	2,825	3,130
2,434	2,822	3,145
2,436	2,822	3,148
2,433	2,825	3,135
2,437	2,824	3,135
2,444	2,822	3,150
2,439	2,824	3,162
2,436	2,829	3,152
2,449	2,825	3,172
2,446	2,824	3,180
2,446	2,827	3,182
2,451	2,820	3,169
2,454	2,831	3,197
2,458	2,836	3,224
2,457	2,831	3,202
2,464	2,836	3,214
2,464	2,834	3,220
2,467	2,828	3,234
2,466	2,832	3,229
2,470	2,841	3,239
2,471	2,837	3,229
2,482	2,834	3,208
2,492	2,837	3,224
2,494	2,841	3,249
2,504	2,844	3,282
2,509	2,839	3,294
2,507	2,846	3,287
2,514	2,852	3,299
2,524	2,844	3,297
2,524	2,844	3,277
2,527	2,849	3,259
2,512	2,847	3,252
2,517	2,847	3,229
2,532	2,854	3,227
2,542	2,857	3,284
2,532	2,849	3,300
2,526	2,849	3,279
2,519	2,849	3,232
2,519	2,849	3,232
2,525	2,842	3,238
2,529	2,847	3,243
2,532	2,853	3,234
2,522	2,854	3,243
2,521	2,850	3,247
2,519	2,853	3,286
2,524	2,854	3,280
2,524	2,853	3,264
2,519	2,849	3,269
2,510	2,852	3,262
2,519	2,849	3,265
2,512	2,844	3,252
2,509	2,849	3,241
2,504	2,846	3,215
2,494	2,843	3,192
2,497	2,839	3,169
2,488	2,834	3,150
2,482	2,834	3,155
2,484	2,842	3,150
2,484	2,832	3,151
2,483	2,835	3,148
2,478	2,838	3,142
2,486	2,835	3,142
2,485	2,837	3,147
2,487	2,837	3,156
2,489	2,837	3,157
2,482	2,839	3,158
2,487	2,835	3,155
2,489	2,832	3,162
2,487	2,834	3,166
2,487	2,837	3,167
2,489	2,836	3,157
2,471	2,825	3,138
2,473	2,829	3,119
2,479	2,827	3,129
2,476	2,829	3,135
2,477	2,829	3,138
2,479	2,827	3,128
2,467	2,822	3,098
2,464	2,817	3,076
2,457	2,816	3,053
2,457	2,817	3,050
2,459	2,824	3,061
2,455	2,816	3,074
2,456	2,814	3,063
2,457	2,812	3,038
2,444	2,812	3,034
2,441	2,814	3,026
2,444	2,814	3,026
2,456	2,817	3,033
2,447	2,812	3,045
2,441	2,817	3,040
2,444	2,812	3,031
2,441	2,812	3,041
2,437	2,812	3,033
2,442	2,807	3,033
2,436	2,811	3,034
2,436	2,805	3,041
2,436	2,809	3,033
2,439	2,811	3,018
2,436	2,805	3,031
2,436	2,813	3,048
2,436	2,809	3,050
2,436	2,813	3,033
2,431	2,807	3,032
2,431	2,810	3,036
2,428	2,809	3,038
2,427	2,807	3,054
2,436	2,812	3,088
2,426	2,809	3,065
2,431	2,814	3,070
2,436	2,812	3,124
2,437	2,814	3,135
2,436	2,819	3,153
2,437	2,817	3,117
2,436	2,812	3,133
2,436	2,807	3,144
2,436	2,813	3,150
2,436	2,820	3,159
2,436	2,812	3,155
2,436	2,812	3,145
2,434	2,819	3,156
2,431	2,816	3,167
2,439	2,824	3,172
2,441	2,822	3,180
2,431	2,817	3,139
2,424	2,821	3,145
2,424	2,813	3,130
2,418	2,814	3,113
2,417	2,815	3,101
2,433	2,815	3,143
2,432	2,818	3,147
2,419	2,817	3,138
2,421	2,822	3,123
2,431	2,819	3,138
2,449	2,824	3,192
2,458	2,827	3,227
2,449	2,827	3,227
2,449	2,823	3,194
2,451	2,832	3,205
2,444	2,832	3,217
2,447	2,827	3,192
2,449	2,832	3,209
2,457	2,824	3,209
2,459	2,829	3,232
2,454	2,825	3,213
2,456	2,827	3,209
2,456	2,832	3,207
2,459	2,832	3,227
2,452	2,829	3,212
2,454	2,832	3,226
2,441	2,824	3,220
2,436	2,824	3,173
2,428	2,823	3,164
2,424	2,822	3,140
2,429	2,826	3,145
2,434	2,824	3,172
2,429	2,823	3,182
2,417	2,819	3,160
2,421	2,820	3,148
2,418	2,822	3,138
2,419	2,819	3,145
2,419	2,824	3,155
2,421	2,824	3,149
2,413	2,814	3,140
2,415	2,819	3,127
2,411	2,814	3,115
2,416	2,815	3,128
2,418	2,820	3,124
2,416	2,819	3,123
2,416	2,816	3,113
2,413	2,822	3,123
2,422	2,817	3,135
2,416	2,822	3,122
2,411	2,820	3,111
2,409	2,814	3,108
2,414	2,809	3,108
2,418	2,817	3,130
2,419	2,814	3,148
2,409	2,814	3,118
2,406	2,812	3,078
2,396	2,804	3,063
2,398	2,804	3,060
2,394	2,803	3,070
2,394	2,804	3,073
2,389	2,798	3,059
2,384	2,800	3,048
2,379	2,794	3,024
2,384	2,800	3,031
2,379	2,802	3,053
2,381	2,802	3,053
2,379	2,799	3,059
2,382	2,799	3,055
2,384	2,799	3,053
2,387	2,794	3,071
2,387	2,798	3,085
2,381	2,800	3,085
2,381	2,797	3,085
2,383	2,797	3,088
2,392	2,800	3,100
2,388	2,799	3,108
2,389	2,794	3,103
2,389	2,795	3,085
2,379	2,797	3,073
2,385	2,794	3,063
2,384	2,797	3,075
2,382	2,792	3,081
2,381	2,794	3,073
2,379	2,790	3,076
2,371	2,781	3,061
2,371	2,786	3,064
2,370	2,785	3,064
2,371	2,787	3,060
2,369	2,786	3,053
2,371	2,785	3,050
2,366	2,780	3,042
2,369	2,787	3,060
2,361	2,789	3,063
2,367	2,782	3,051
2,369	2,782	3,053
2,364	2,787	3,052
2,364	2,784	3,048
2,361	2,787	3,058
2,359	2,782	3,078
2,359	2,785	3,071
2,361	2,782	3,084
2,361	2,784	3,085
2,361	2,787	3,085
2,368	2,784	3,096
2,371	2,785	3,120
2,361	2,783	3,113
2,359	2,782	3,098
2,356	2,780	3,088
2,364	2,782	3,091
2,366	2,779	3,104
2,372	2,787	3,125
2,379	2,785	3,155
2,374	2,782	3,148
2,367	2,785	3,130
2,358	2,779	3,144
2,360	2,778	3,128
2,372	2,783	3,125
2,374	2,788	3,167
2,386	2,784	3,152
2,374	2,783	3,140
2,380	2,785	3,170
2,388	2,787	3,237
2,389	2,792	3,219
2,394	2,800	3,250
2,398	2,797	3,219
2,402	2,789	3,201
2,394	2,794	3,192
2,399	2,797	3,194
2,401	2,797	3,228
