Projekt Aerodynamik Übung CPM3
P_amb in [Pa]:  100463 T_amb in [K]: 291
Channel 1-3 HCL Druckdaten [V] 
2,238	2,328	2,322
2,234	2,329	2,311
2,238	2,334	2,335
2,241	2,331	2,349
2,236	2,336	2,337
2,238	2,334	2,340
2,241	2,334	2,322
2,234	2,335	2,337
2,236	2,339	2,349
2,236	2,337	2,342
2,225	2,334	2,334
2,244	2,334	2,340
2,246	2,336	2,347
2,241	2,336	2,347
2,246	2,336	2,332
2,238	2,331	2,320
2,252	2,333	2,351
2,241	2,331	2,334
2,248	2,336	2,355
2,248	2,336	2,374
2,246	2,336	2,377
2,248	2,330	2,355
2,241	2,329	2,342
2,245	2,333	2,350
2,238	2,337	2,354
2,241	2,336	2,360
2,241	2,336	2,344
2,246	2,336	2,339
2,244	2,338	2,364
2,246	2,338	2,379
2,249	2,336	2,371
2,243	2,330	2,357
2,241	2,337	2,352
2,235	2,337	2,327
2,236	2,337	2,346
2,247	2,335	2,367
2,241	2,337	2,359
2,243	2,333	2,349
2,246	2,339	2,355
2,246	2,334	2,341
2,233	2,331	2,321
2,238	2,336	2,324
2,229	2,336	2,312
2,238	2,336	2,314
2,246	2,334	2,338
2,249	2,340	2,359
2,246	2,336	2,352
2,246	2,336	2,344
2,238	2,336	2,338
2,238	2,336	2,327
2,243	2,335	2,322
2,248	2,336	2,329
2,251	2,331	2,337
2,239	2,334	2,327
2,236	2,328	2,309
2,236	2,333	2,298
2,231	2,329	2,284
2,241	2,323	2,301
2,246	2,333	2,335
2,246	2,332	2,355
2,248	2,338	2,347
2,246	2,332	2,353
2,238	2,330	2,337
2,233	2,332	2,318
2,236	2,322	2,314
2,236	2,332	2,314
2,231	2,331	2,301
2,241	2,336	2,317
2,238	2,331	2,315
2,239	2,334	2,307
2,236	2,326	2,301
2,231	2,328	2,289
2,228	2,321	2,292
2,236	2,328	2,301
2,230	2,330	2,298
2,231	2,321	2,285
2,229	2,323	2,287
2,228	2,321	2,278
2,228	2,331	2,296
2,230	2,326	2,289
2,226	2,324	2,289
2,230	2,323	2,287
2,224	2,331	2,287
2,226	2,321	2,276
2,226	2,321	2,264
2,220	2,323	2,266
2,225	2,323	2,276
2,226	2,319	2,287
2,231	2,318	2,291
2,221	2,322	2,284
2,226	2,323	2,307
2,232	2,321	2,293
2,228	2,322	2,279
2,229	2,321	2,273
2,233	2,324	2,292
2,231	2,321	2,291
2,221	2,321	2,283
2,216	2,321	2,277
2,228	2,321	2,289
2,231	2,324	2,307
2,229	2,319	2,314
2,233	2,323	2,335
2,233	2,321	2,325
2,234	2,321	2,324
2,236	2,321	2,327
2,233	2,318	2,325
2,238	2,320	2,339
2,233	2,318	2,332
2,238	2,326	2,342
2,241	2,324	2,342
2,244	2,326	2,352
2,239	2,323	2,342
2,236	2,329	2,374
2,243	2,328	2,389
2,233	2,324	2,373
2,239	2,327	2,412
2,233	2,333	2,421
2,247	2,335	2,410
2,239	2,330	2,384
2,249	2,326	2,398
2,244	2,336	2,404
2,251	2,334	2,392
2,259	2,339	2,419
2,259	2,336	2,417
2,258	2,336	2,445
2,256	2,331	2,437
2,258	2,336	2,427
2,259	2,336	2,419
2,258	2,336	2,404
2,258	2,333	2,422
2,256	2,338	2,439
2,253	2,336	2,404
2,262	2,336	2,436
2,261	2,336	2,445
2,261	2,334	2,458
2,261	2,336	2,464
2,263	2,334	2,424
2,256	2,336	2,392
2,266	2,338	2,432
2,260	2,341	2,424
2,261	2,341	2,443
2,263	2,337	2,449
2,276	2,341	2,450
2,278	2,337	2,426
2,273	2,344	2,467
2,271	2,354	2,474
2,268	2,345	2,442
2,271	2,345	2,459
2,268	2,342	2,441
2,262	2,345	2,454
2,268	2,347	2,450
2,272	2,351	2,464
2,276	2,348	2,466
2,271	2,348	2,475
2,273	2,354	2,474
2,270	2,348	2,452
2,263	2,341	2,444
2,268	2,342	2,444
2,268	2,348	2,424
2,266	2,348	2,412
2,273	2,345	2,424
2,265	2,345	2,431
2,268	2,346	2,435
2,263	2,343	2,412
2,263	2,349	2,406
2,261	2,346	2,409
2,258	2,353	2,384
2,258	2,348	2,384
2,264	2,341	2,387
2,256	2,343	2,359
2,251	2,338	2,369
2,253	2,338	2,353
2,249	2,338	2,347
2,259	2,341	2,357
2,256	2,341	2,355
2,258	2,348	2,372
2,258	2,349	2,360
2,253	2,342	2,347
2,246	2,338	2,329
2,246	2,349	2,314
2,244	2,333	2,314
2,247	2,338	2,308
2,251	2,338	2,314
2,248	2,338	2,309
2,247	2,341	2,310
2,247	2,336	2,311
2,243	2,338	2,315
2,243	2,336	2,299
2,238	2,333	2,287
2,238	2,336	2,270
2,249	2,333	2,290
2,236	2,338	2,282
2,238	2,331	2,269
2,241	2,336	2,292
2,238	2,336	2,294
2,243	2,336	2,334
2,241	2,336	2,327
2,247	2,336	2,301
2,238	2,338	2,297
2,238	2,334	2,306
2,241	2,336	2,302
2,233	2,335	2,288
2,227	2,329	2,279
2,238	2,330	2,321
2,246	2,342	2,357
2,239	2,338	2,367
2,241	2,336	2,366
2,242	2,340	2,357
2,241	2,339	2,362
2,242	2,343	2,375
2,241	2,343	2,372
2,241	2,340	2,407
2,246	2,338	2,424
2,243	2,343	2,379
2,243	2,338	2,401
2,246	2,340	2,449
2,251	2,346	2,416
2,246	2,338	2,384
2,248	2,340	2,387
2,249	2,343	2,402
2,253	2,348	2,432
2,258	2,351	2,464
2,259	2,343	2,462
2,251	2,346	2,448
2,259	2,351	2,494
2,258	2,354	2,470
2,260	2,348	2,467
2,263	2,348	2,461
2,273	2,351	2,471
2,266	2,343	2,502
2,271	2,350	2,491
2,263	2,355	2,449
2,263	2,352	2,469
2,266	2,355	2,475
2,276	2,355	2,468
2,278	2,362	2,462
2,280	2,359	2,468
2,276	2,363	2,482
2,281	2,362	2,479
2,281	2,364	2,474
2,281	2,361	2,477
2,278	2,359	2,472
2,277	2,361	2,448
2,269	2,358	2,426
2,273	2,361	2,449
2,274	2,358	2,447
2,273	2,362	2,438
2,271	2,356	2,422
2,275	2,356	2,419
2,273	2,354	2,416
2,268	2,359	2,392
2,278	2,361	2,430
2,273	2,358	2,439
2,276	2,356	2,436
2,268	2,351	2,426
2,272	2,350	2,432
2,271	2,348	2,405
2,263	2,352	2,384
2,261	2,349	2,355
2,256	2,347	2,340
2,264	2,355	2,360
2,256	2,351	2,339
2,258	2,344	2,339
2,253	2,344	2,334
2,258	2,343	2,327
2,259	2,348	2,323
2,256	2,343	2,322
2,257	2,343	2,314
2,251	2,341	2,302
2,251	2,346	2,297
2,251	2,345	2,292
2,250	2,340	2,296
2,250	2,343	2,293
2,250	2,348	2,294
2,243	2,343	2,289
2,250	2,341	2,290
2,246	2,341	2,289
2,247	2,341	2,289
2,241	2,340	2,277
2,248	2,336	2,280
2,244	2,343	2,274
2,246	2,343	2,289
2,246	2,338	2,289
2,245	2,340	2,287
2,250	2,338	2,285
2,248	2,334	2,277
2,246	2,336	2,276
2,243	2,339	2,272
2,246	2,338	2,272
2,244	2,336	2,268
2,238	2,335	2,263
2,239	2,336	2,267
2,241	2,336	2,256
2,233	2,338	2,259
2,237	2,336	2,264
2,238	2,334	2,259
2,239	2,336	2,266
2,237	2,334	2,269
2,233	2,327	2,264
2,226	2,336	2,251
2,230	2,329	2,241
2,239	2,336	2,259
2,238	2,331	2,284
2,239	2,336	2,302
2,236	2,321	2,282
2,238	2,329	2,272
2,241	2,337	2,299
2,243	2,334	2,303
2,246	2,336	2,322
2,244	2,336	2,347
2,241	2,336	2,366
2,246	2,338	2,339
2,248	2,332	2,360
2,255	2,342	2,354
2,256	2,336	2,332
2,253	2,337	2,364
2,256	2,345	2,387
2,261	2,340	2,405
2,255	2,337	2,387
2,253	2,337	2,354
2,259	2,340	2,380
2,253	2,341	2,379
2,256	2,338	2,425
2,255	2,346	2,437
2,258	2,349	2,449
2,272	2,351	2,500
2,274	2,348	2,503
2,276	2,348	2,505
2,271	2,351	2,494
2,271	2,350	2,492
2,265	2,348	2,501
2,276	2,348	2,465
2,276	2,356	2,479
2,276	2,356	2,527
2,278	2,351	2,517
2,276	2,353	2,489
2,281	2,348	2,501
2,283	2,354	2,494
2,276	2,348	2,457
2,278	2,359	2,494
2,278	2,351	2,541
2,276	2,351	2,502
2,277	2,354	2,509
2,283	2,358	2,499
2,293	2,364	2,519
2,288	2,363	2,491
2,293	2,364	2,482
2,291	2,362	2,457
2,283	2,361	2,491
2,278	2,358	2,519
2,278	2,363	2,507
2,281	2,359	2,500
2,276	2,361	2,494
2,270	2,363	2,484
2,283	2,361	2,497
2,283	2,356	2,479
2,280	2,356	2,482
2,276	2,351	2,449
2,268	2,353	2,414
2,269	2,356	2,404
2,263	2,348	2,379
2,258	2,356	2,354
2,260	2,351	2,342
2,258	2,348	2,342
2,253	2,348	2,340
2,258	2,351	2,326
2,264	2,346	2,316
2,258	2,346	2,309
2,256	2,346	2,300
2,254	2,347	2,295
2,256	2,344	2,296
2,253	2,343	2,289
2,256	2,347	2,282
2,253	2,343	2,281
2,256	2,338	2,277
2,256	2,338	2,279
2,247	2,346	2,276
2,248	2,338	2,266
2,248	2,343	2,265
2,251	2,338	2,269
2,248	2,338	2,277
2,249	2,341	2,277
2,241	2,336	2,267
2,242	2,343	2,258
2,256	2,336	2,264
2,246	2,341	2,267
2,241	2,338	2,274
2,246	2,331	2,286
2,243	2,336	2,285
2,239	2,336	2,277
2,241	2,334	2,269
2,238	2,336	2,256
2,243	2,334	2,266
2,242	2,338	2,269
2,231	2,336	2,276
2,241	2,336	2,282
2,238	2,336	2,277
2,229	2,328	2,264
2,228	2,330	2,256
2,231	2,332	2,239
2,236	2,335	2,269
2,236	2,337	2,268
2,236	2,325	2,266
2,233	2,332	2,271
2,238	2,329	2,269
2,239	2,329	2,291
2,239	2,331	2,302
2,238	2,333	2,310
2,243	2,336	2,307
2,242	2,336	2,334
2,244	2,334	2,322
2,248	2,334	2,333
2,246	2,336	2,329
2,248	2,336	2,359
2,246	2,336	2,345
2,259	2,346	2,410
2,258	2,340	2,447
2,263	2,338	2,416
2,256	2,341	2,387
2,253	2,339	2,384
2,251	2,338	2,384
2,263	2,341	2,424
2,260	2,343	2,404
2,261	2,348	2,434
2,263	2,348	2,466
2,253	2,337	2,446
2,261	2,342	2,426
2,264	2,344	2,441
2,258	2,343	2,427
2,259	2,341	2,429
2,258	2,344	2,451
2,258	2,346	2,439
2,262	2,349	2,466
2,258	2,351	2,492
2,256	2,349	2,482
2,259	2,359	2,494
2,261	2,356	2,491
2,263	2,354	2,484
2,266	2,354	2,499
2,270	2,352	2,513
2,278	2,354	2,502
2,276	2,356	2,527
2,276	2,351	2,520
2,283	2,353	2,522
2,283	2,356	2,532
2,293	2,356	2,532
2,283	2,362	2,569
2,281	2,356	2,570
2,273	2,363	2,557
2,273	2,356	2,532
2,278	2,364	2,547
2,281	2,362	2,554
2,284	2,369	2,575
2,291	2,358	2,528
2,288	2,360	2,502
2,283	2,364	2,550
2,287	2,360	2,580
2,281	2,362	2,565
2,278	2,361	2,545
2,283	2,363	2,516
2,283	2,361	2,494
2,279	2,356	2,457
2,271	2,351	2,408
2,273	2,353	2,417
2,271	2,353	2,404
2,271	2,351	2,402
2,268	2,353	2,394
2,271	2,356	2,403
2,272	2,353	2,389
2,271	2,348	2,373
2,266	2,348	2,362
2,261	2,348	2,344
2,258	2,348	2,343
2,262	2,351	2,344
2,261	2,351	2,332
2,259	2,343	2,314
2,261	2,348	2,313
2,258	2,351	2,314
2,253	2,346	2,301
2,253	2,354	2,296
2,250	2,343	2,291
2,252	2,346	2,292
2,251	2,344	2,279
2,248	2,339	2,269
2,251	2,350	2,282
2,250	2,339	2,269
2,241	2,342	2,273
2,246	2,343	2,276
2,246	2,336	2,274
2,243	2,338	2,259
2,245	2,341	2,258
2,238	2,341	2,259
2,241	2,338	2,257
2,241	2,338	2,259
2,238	2,333	2,241
2,236	2,335	2,252
2,234	2,333	2,249
2,235	2,326	2,250
2,241	2,338	2,289
2,238	2,338	2,297
2,231	2,338	2,273
2,233	2,336	2,276
2,241	2,341	2,302
2,238	2,341	2,310
2,239	2,336	2,314
2,233	2,338	2,289
2,238	2,336	2,284
2,232	2,336	2,296
2,228	2,335	2,279
2,234	2,331	2,294
2,239	2,336	2,322
2,243	2,340	2,357
2,238	2,337	2,342
2,246	2,333	2,314
2,251	2,339	2,333
2,246	2,337	2,332
2,241	2,334	2,326
2,248	2,336	2,350
2,251	2,340	2,404
2,251	2,338	2,425
2,248	2,339	2,399
2,253	2,338	2,387
2,253	2,345	2,396
2,256	2,343	2,393
2,253	2,341	2,405
2,258	2,338	2,392
2,251	2,340	2,369
2,251	2,348	2,417
2,253	2,346	2,452
2,263	2,344	2,449
2,258	2,348	2,469
2,275	2,346	2,494
2,263	2,341	2,475
2,266	2,348	2,446
2,266	2,348	2,417
2,271	2,348	2,432
2,269	2,342	2,441
2,276	2,350	2,447
2,276	2,352	2,474
2,286	2,356	2,507
2,286	2,354	2,489
2,283	2,353	2,502
2,283	2,354	2,475
2,290	2,351	2,479
2,283	2,348	2,468
2,283	2,348	2,499
2,278	2,351	2,474
2,283	2,351	2,468
2,284	2,356	2,464
2,283	2,356	2,469
2,284	2,360	2,494
2,276	2,348	2,452
2,281	2,361	2,459
2,280	2,354	2,454
2,268	2,356	2,447
2,270	2,354	2,416
2,264	2,348	2,407
2,271	2,346	2,414
2,266	2,348	2,393
2,257	2,349	2,377
2,262	2,348	2,359
2,263	2,346	2,373
2,266	2,351	2,384
2,268	2,351	2,381
2,268	2,349	2,382
2,264	2,345	2,374
2,258	2,343	2,356
2,259	2,348	2,345
2,256	2,345	2,342
2,253	2,344	2,327
2,259	2,340	2,315
2,251	2,341	2,312
2,249	2,346	2,301
2,250	2,336	2,296
2,243	2,339	2,277
2,248	2,341	2,285
2,246	2,338	2,284
2,244	2,336	2,289
2,243	2,335	2,289
2,246	2,336	2,285
2,246	2,338	2,284
2,244	2,338	2,276
2,247	2,339	2,279
2,241	2,336	2,276
2,239	2,338	2,272
2,244	2,337	2,272
2,243	2,336	2,284
2,243	2,333	2,284
2,238	2,336	2,284
2,237	2,334	2,278
2,238	2,333	2,269
2,236	2,336	2,281
2,234	2,327	2,272
2,236	2,333	2,276
2,235	2,337	2,280
2,238	2,335	2,284
2,241	2,333	2,294
2,236	2,334	2,299
2,236	2,337	2,313
2,231	2,336	2,297
2,231	2,334	2,307
2,237	2,331	2,304
2,244	2,331	2,317
2,243	2,336	2,322
2,241	2,336	2,301
2,240	2,333	2,325
2,241	2,336	2,332
2,238	2,336	2,337
2,246	2,336	2,368
2,241	2,336	2,392
2,243	2,343	2,427
2,247	2,343	2,437
2,251	2,341	2,428
2,258	2,344	2,413
2,258	2,343	2,397
2,253	2,341	2,397
2,248	2,348	2,399
2,253	2,340	2,426
2,249	2,348	2,437
2,254	2,343	2,437
2,256	2,353	2,472
2,268	2,352	2,512
2,271	2,350	2,530
2,276	2,354	2,532
2,268	2,350	2,512
2,276	2,354	2,482
2,278	2,351	2,452
2,276	2,363	2,471
2,280	2,356	2,489
2,285	2,353	2,487
2,286	2,356	2,507
2,284	2,356	2,505
2,284	2,353	2,482
2,291	2,359	2,469
2,286	2,358	2,459
2,291	2,358	2,432
2,289	2,359	2,438
2,283	2,358	2,451
2,286	2,363	2,471
2,288	2,363	2,452
2,284	2,364	2,450
2,283	2,364	2,495
2,299	2,363	2,519
2,298	2,364	2,529
2,296	2,369	2,514
2,292	2,364	2,523
2,309	2,363	2,522
2,295	2,363	2,494
2,301	2,362	2,502
2,296	2,366	2,502
2,291	2,370	2,508
2,301	2,365	2,534
2,303	2,364	2,547
2,288	2,365	2,514
2,289	2,369	2,484
2,291	2,364	2,471
2,294	2,363	2,462
2,287	2,363	2,479
2,288	2,364	2,487
2,281	2,359	2,446
2,278	2,364	2,427
2,278	2,358	2,412
2,281	2,363	2,424
2,273	2,361	2,404
2,268	2,358	2,382
2,274	2,353	2,367
2,273	2,356	2,349
2,271	2,356	2,357
2,267	2,353	2,352
2,269	2,349	2,328
2,266	2,348	2,314
2,269	2,351	2,314
2,258	2,348	2,319
2,256	2,351	2,314
2,259	2,348	2,297
2,261	2,348	2,287
2,259	2,343	2,279
2,253	2,342	2,277
2,259	2,349	2,275
2,256	2,351	2,289
2,256	2,344	2,284
2,249	2,344	2,269
2,246	2,341	2,259
2,248	2,338	2,263
2,253	2,345	2,256
2,249	2,340	2,253
2,249	2,343	2,251
2,243	2,338	2,251
2,241	2,338	2,245
2,246	2,338	2,243
2,238	2,333	2,239
2,238	2,336	2,244
2,243	2,340	2,245
2,241	2,331	2,251
2,241	2,336	2,254
2,241	2,333	2,243
2,238	2,333	2,243
2,238	2,339	2,241
2,232	2,338	2,237
2,236	2,333	2,251
2,229	2,331	2,243
2,236	2,334	2,246
2,228	2,331	2,235
2,229	2,331	2,241
2,228	2,330	2,236
2,228	2,334	2,237
2,228	2,335	2,241
2,231	2,323	2,240
2,236	2,337	2,267
2,228	2,333	2,274
2,230	2,331	2,251
2,228	2,332	2,280
2,236	2,331	2,274
2,231	2,336	2,297
2,223	2,334	2,307
2,226	2,331	2,302
2,228	2,329	2,275
2,226	2,326	2,302
2,226	2,328	2,330
2,223	2,325	2,315
2,225	2,331	2,302
2,228	2,331	2,311
2,228	2,336	2,324
2,231	2,334	2,332
2,229	2,336	2,337
2,228	2,334	2,340
2,228	2,334	2,337
2,225	2,326	2,314
2,219	2,326	2,321
2,223	2,323	2,299
2,221	2,326	2,327
2,226	2,326	2,324
2,227	2,330	2,331
2,226	2,324	2,317
2,229	2,328	2,342
2,229	2,330	2,349
2,223	2,327	2,349
2,220	2,330	2,357
2,226	2,321	2,340
2,229	2,321	2,328
2,229	2,329	2,347
2,226	2,327	2,327
2,226	2,328	2,309
2,225	2,331	2,297
2,236	2,331	2,364
2,231	2,334	2,407
2,226	2,330	2,392
2,226	2,336	2,394
2,233	2,336	2,433
2,236	2,334	2,436
2,231	2,336	2,432
2,234	2,334	2,403
2,233	2,333	2,399
2,233	2,329	2,399
2,238	2,336	2,438
2,236	2,334	2,427
2,240	2,336	2,444
2,231	2,334	2,432
2,226	2,326	2,418
2,229	2,328	2,429
2,228	2,326	2,411
2,235	2,331	2,421
2,228	2,327	2,407
2,239	2,327	2,385
2,231	2,325	2,370
2,233	2,331	2,359
2,238	2,335	2,412
2,231	2,334	2,394
2,237	2,336	2,387
2,236	2,331	2,367
2,233	2,331	2,357
2,231	2,331	2,367
2,234	2,334	2,385
2,230	2,328	2,357
2,226	2,328	2,327
2,236	2,330	2,349
2,236	2,328	2,362
2,234	2,336	2,372
2,236	2,336	2,367
2,231	2,331	2,351
2,238	2,333	2,350
2,231	2,327	2,347
2,229	2,329	2,341
2,225	2,326	2,337
2,234	2,329	2,342
2,232	2,333	2,337
2,234	2,328	2,334
2,231	2,334	2,334
2,236	2,331	2,352
2,228	2,330	2,341
2,232	2,331	2,344
2,226	2,327	2,324
2,226	2,328	2,332
2,228	2,332	2,334
2,236	2,331	2,341
2,225	2,324	2,324
2,226	2,326	2,308
2,229	2,328	2,327
2,233	2,328	2,332
2,228	2,328	2,348
2,228	2,321	2,321
2,226	2,328	2,303
2,229	2,325	2,335
2,226	2,331	2,332
2,229	2,329	2,324
2,226	2,323	2,313
2,230	2,323	2,331
2,227	2,323	2,334
2,223	2,326	2,314
2,234	2,329	2,342
2,228	2,324	2,353
2,236	2,323	2,355
2,234	2,326	2,369
2,236	2,329	2,374
2,228	2,328	2,372
2,229	2,329	2,359
2,238	2,325	2,352
2,239	2,328	2,342
2,246	2,330	2,364
2,247	2,327	2,372
2,238	2,338	2,375
2,243	2,333	2,379
2,246	2,332	2,379
2,248	2,338	2,384
2,241	2,331	2,401
2,251	2,336	2,432
2,246	2,328	2,401
2,248	2,320	2,401
2,243	2,331	2,399
2,246	2,334	2,425
2,246	2,338	2,432
2,243	2,333	2,410
2,258	2,336	2,430
2,246	2,336	2,437
2,251	2,336	2,425
2,258	2,343	2,454
2,257	2,338	2,449
2,258	2,341	2,479
2,256	2,346	2,490
2,264	2,338	2,502
2,258	2,336	2,494
2,259	2,338	2,471
2,256	2,336	2,457
2,262	2,344	2,471
2,258	2,336	2,462
2,261	2,338	2,470
2,256	2,341	2,474
2,266	2,342	2,482
2,266	2,341	2,485
2,266	2,338	2,474
2,261	2,339	2,469
2,258	2,346	2,445
2,260	2,343	2,443
2,266	2,341	2,456
2,263	2,340	2,482
2,268	2,340	2,469
2,271	2,343	2,474
2,271	2,338	2,453
2,267	2,336	2,439
2,258	2,336	2,439
2,264	2,341	2,429
2,263	2,343	2,419
2,263	2,344	2,423
2,264	2,343	2,439
2,258	2,345	2,447
2,265	2,336	2,437
2,263	2,344	2,437
2,266	2,343	2,427
2,266	2,341	2,417
2,266	2,343	2,394
2,268	2,340	2,377
2,258	2,338	2,368
2,256	2,343	2,367
2,256	2,336	2,354
2,249	2,336	2,347
2,262	2,338	2,369
2,258	2,335	2,363
2,264	2,331	2,355
2,258	2,336	2,342
2,248	2,333	2,327
2,248	2,337	2,327
2,251	2,336	2,335
2,248	2,334	2,327
2,246	2,331	2,329
2,248	2,331	2,332
2,246	2,331	2,295
2,243	2,328	2,303
2,247	2,330	2,289
2,246	2,328	2,302
2,243	2,328	2,297
2,246	2,326	2,305
2,241	2,326	2,299
2,243	2,323	2,306
2,243	2,326	2,312
2,244	2,332	2,309
2,241	2,326	2,315
2,236	2,326	2,304
2,235	2,326	2,296
2,236	2,329	2,280
2,244	2,326	2,290
2,242	2,326	2,301
2,238	2,322	2,302
2,246	2,336	2,312
2,242	2,329	2,297
2,244	2,324	2,292
2,241	2,327	2,289
2,234	2,322	2,284
2,233	2,322	2,274
2,228	2,326	2,277
2,234	2,321	2,258
2,228	2,323	2,261
2,236	2,329	2,261
2,238	2,321	2,270
2,228	2,321	2,266
2,228	2,320	2,259
2,226	2,321	2,249
2,227	2,318	2,237
2,228	2,318	2,234
2,223	2,316	2,235
2,228	2,315	2,239
2,233	2,318	2,238
2,226	2,311	2,234
2,223	2,316	2,232
2,222	2,311	2,220
2,223	2,313	2,219
2,216	2,318	2,221
2,217	2,316	2,227
2,223	2,314	2,229
2,222	2,318	2,219
2,219	2,308	2,231
2,226	2,310	2,238
2,221	2,312	2,234
2,218	2,313	2,241
2,220	2,312	2,249
2,219	2,310	2,239
2,218	2,316	2,249
2,219	2,309	2,246
2,223	2,311	2,253
2,222	2,309	2,256
2,216	2,311	2,250
2,221	2,316	2,264
2,221	2,313	2,259
2,216	2,313	2,238
2,222	2,309	2,251
2,221	2,309	2,259
2,219	2,311	2,247
2,222	2,313	2,276
2,221	2,308	2,279
2,228	2,308	2,289
2,221	2,313	2,292
2,224	2,311	2,285
2,216	2,309	2,289
2,224	2,309	2,302
2,226	2,316	2,287
2,223	2,309	2,301
2,222	2,314	2,296
2,219	2,318	2,286
2,221	2,309	2,280
2,226	2,306	2,279
2,228	2,313	2,289
2,223	2,308	2,285
2,226	2,314	2,296
2,234	2,310	2,314
2,228	2,316	2,322
2,231	2,311	2,337
2,228	2,312	2,334
2,223	2,308	2,321
2,231	2,313	2,349
2,238	2,321	2,369
2,239	2,316	2,347
2,238	2,318	2,394
2,243	2,323	2,377
2,246	2,322	2,399
2,243	2,323	2,412
2,245	2,320	2,389
2,239	2,318	2,375
2,243	2,315	2,373
2,248	2,318	2,376
2,243	2,320	2,374
2,243	2,321	2,384
2,251	2,329	2,388
2,249	2,329	2,406
2,249	2,324	2,414
2,253	2,329	2,429
2,251	2,326	2,405
2,246	2,323	2,392
2,252	2,329	2,417
2,248	2,325	2,432
2,248	2,320	2,416
2,245	2,320	2,418
2,256	2,333	2,434
2,258	2,328	2,429
2,254	2,332	2,437
2,263	2,336	2,464
2,261	2,337	2,463
2,265	2,336	2,469
2,262	2,341	2,462
2,253	2,334	2,451
2,261	2,336	2,469
2,266	2,336	2,475
2,271	2,339	2,469
2,271	2,337	2,454
2,271	2,336	2,424
2,271	2,341	2,427
2,268	2,340	2,414
2,278	2,340	2,429
2,282	2,348	2,482
2,273	2,344	2,479
2,281	2,344	2,457
2,283	2,349	2,464
2,283	2,336	2,447
2,281	2,346	2,471
2,280	2,348	2,467
2,277	2,343	2,474
2,278	2,346	2,492
2,276	2,342	2,492
2,271	2,347	2,474
2,273	2,341	2,484
2,284	2,347	2,514
2,281	2,348	2,530
2,283	2,341	2,514
2,286	2,339	2,492
2,283	2,343	2,514
2,291	2,343	2,519
2,296	2,351	2,507
2,295	2,343	2,507
2,289	2,353	2,494
2,286	2,343	2,463
2,286	2,340	2,439
2,285	2,345	2,427
2,290	2,348	2,399
2,281	2,351	2,415
2,284	2,345	2,444
2,286	2,353	2,444
2,281	2,358	2,449
2,285	2,353	2,447
2,278	2,349	2,399
2,277	2,349	2,372
2,278	2,349	2,404
2,283	2,348	2,432
2,278	2,346	2,429
2,276	2,348	2,418
2,277	2,343	2,384
2,268	2,345	2,374
2,271	2,340	2,342
2,273	2,344	2,355
2,270	2,347	2,343
2,277	2,348	2,342
2,271	2,341	2,332
2,266	2,345	2,324
2,268	2,339	2,329
2,263	2,341	2,312
2,257	2,336	2,310
2,258	2,338	2,302
2,259	2,338	2,294
2,256	2,336	2,285
2,258	2,336	2,284
2,256	2,334	2,277
2,258	2,338	2,277
2,256	2,336	2,274
2,251	2,336	2,263
2,253	2,334	2,264
2,251	2,333	2,256
2,256	2,338	2,257
2,256	2,331	2,255
2,251	2,337	2,262
2,249	2,334	2,260
2,248	2,336	2,257
2,256	2,331	2,259
2,251	2,334	2,256
2,253	2,336	2,257
2,256	2,333	2,254
2,249	2,328	2,254
2,253	2,324	2,254
2,246	2,337	2,258
2,248	2,325	2,249
2,245	2,322	2,251
2,246	2,327	2,244
2,251	2,336	2,256
2,246	2,328	2,262
2,246	2,326	2,259
2,239	2,328	2,264
2,243	2,326	2,253
2,245	2,326	2,272
2,243	2,326	2,277
2,243	2,321	2,277
2,248	2,328	2,284
2,246	2,325	2,272
2,252	2,329	2,295
2,243	2,326	2,287
2,246	2,326	2,278
2,248	2,328	2,294
2,238	2,326	2,299
2,241	2,331	2,310
2,248	2,331	2,314
2,251	2,336	2,332
2,251	2,328	2,322
2,251	2,326	2,302
2,248	2,321	2,298
2,248	2,329	2,287
2,245	2,331	2,321
2,256	2,332	2,326
2,256	2,329	2,338
2,266	2,342	2,375
2,267	2,338	2,392
2,262	2,337	2,377
2,273	2,337	2,377
2,273	2,336	2,391
2,276	2,337	2,416
2,273	2,338	2,404
2,269	2,341	2,411
2,271	2,336	2,412
2,271	2,340	2,389
2,271	2,338	2,379
2,273	2,340	2,379
2,268	2,345	2,384
2,273	2,341	2,420
2,276	2,343	2,427
2,278	2,344	2,427
2,276	2,341	2,444
2,283	2,348	2,464
2,280	2,340	2,445
2,279	2,349	2,474
2,281	2,348	2,497
2,279	2,348	2,474
2,278	2,343	2,477
2,281	2,343	2,455
2,275	2,346	2,485
2,286	2,340	2,492
2,286	2,342	2,467
2,289	2,352	2,501
2,301	2,349	2,490
2,288	2,352	2,462
2,296	2,351	2,437
2,295	2,350	2,424
2,304	2,362	2,464
2,311	2,356	2,505
2,306	2,364	2,509
2,306	2,364	2,514
2,308	2,363	2,519
2,316	2,358	2,500
2,308	2,359	2,462
2,306	2,361	2,466
2,314	2,363	2,471
2,303	2,356	2,450
2,311	2,356	2,461
2,312	2,363	2,479
2,312	2,353	2,461
2,306	2,359	2,457
2,311	2,356	2,469
2,320	2,359	2,478
2,323	2,351	2,497
2,323	2,354	2,497
2,309	2,359	2,494
2,311	2,359	2,488
2,316	2,356	2,457
2,322	2,363	2,456
2,326	2,358	2,457
2,326	2,361	2,457
2,321	2,358	2,450
2,321	2,360	2,462
2,313	2,360	2,482
2,303	2,362	2,487
2,315	2,353	2,482
2,306	2,364	2,476
2,308	2,364	2,468
2,311	2,361	2,431
2,303	2,363	2,399
2,312	2,358	2,443
2,311	2,363	2,462
2,306	2,361	2,434
2,304	2,355	2,436
2,298	2,364	2,419
2,299	2,369	2,454
2,308	2,359	2,450
2,306	2,363	2,450
2,306	2,358	2,444
2,303	2,366	2,484
2,304	2,364	2,484
2,301	2,359	2,457
2,299	2,359	2,445
2,301	2,364	2,425
2,293	2,356	2,391
2,296	2,353	2,375
2,296	2,361	2,397
2,297	2,353	2,387
2,291	2,354	2,359
2,289	2,363	2,379
2,294	2,365	2,417
2,289	2,360	2,397
2,289	2,356	2,374
2,283	2,354	2,355
2,295	2,356	2,348
2,289	2,356	2,352
2,286	2,356	2,347
2,278	2,351	2,335
2,287	2,353	2,354
2,284	2,356	2,380
2,281	2,356	2,354
2,284	2,361	2,347
2,281	2,361	2,374
2,283	2,356	2,365
2,272	2,353	2,342
2,276	2,351	2,324
2,281	2,356	2,329
2,278	2,354	2,337
2,283	2,356	2,379
2,281	2,351	2,391
2,283	2,356	2,373
2,283	2,354	2,354
2,271	2,354	2,355
2,283	2,351	2,356
2,278	2,350	2,337
2,273	2,351	2,319
2,267	2,347	2,334
2,270	2,347	2,359
2,271	2,354	2,360
2,270	2,353	2,350
2,278	2,346	2,326
2,275	2,356	2,359
2,280	2,354	2,369
2,272	2,351	2,347
2,274	2,354	2,367
2,271	2,349	2,342
2,273	2,353	2,355
2,270	2,351	2,376
2,274	2,353	2,392
2,266	2,353	2,392
2,271	2,356	2,402
2,273	2,351	2,399
2,268	2,353	2,375
2,259	2,349	2,359
2,271	2,348	2,354
2,266	2,351	2,357
2,266	2,348	2,340
2,273	2,349	2,365
2,263	2,348	2,367
2,260	2,349	2,355
2,259	2,346	2,332
2,263	2,348	2,336
2,266	2,349	2,352
2,263	2,339	2,384
2,266	2,352	2,374
2,272	2,349	2,364
2,268	2,347	2,373
2,251	2,350	2,360
2,258	2,342	2,337
2,261	2,349	2,347
2,263	2,341	2,355
2,263	2,348	2,376
2,257	2,349	2,372
2,258	2,349	2,382
2,261	2,353	2,379
2,266	2,351	2,364
2,258	2,348	2,357
2,259	2,348	2,367
2,261	2,343	2,366
2,264	2,343	2,357
2,266	2,348	2,386
2,258	2,343	2,394
2,267	2,351	2,381
2,261	2,346	2,364
2,259	2,349	2,364
2,264	2,349	2,370
2,256	2,346	2,360
2,261	2,341	2,352
2,253	2,346	2,347
2,263	2,346	2,383
2,261	2,349	2,374
2,263	2,336	2,366
2,258	2,340	2,342
2,258	2,344	2,359
2,248	2,346	2,348
2,251	2,344	2,328
2,251	2,347	2,347
2,251	2,344	2,334
2,263	2,344	2,362
2,254	2,343	2,355
2,261	2,346	2,367
2,262	2,348	2,374
2,261	2,346	2,391
2,256	2,348	2,385
2,253	2,346	2,358
2,263	2,345	2,360
2,262	2,348	2,364
2,261	2,346	2,365
2,258	2,348	2,367
2,256	2,343	2,355
2,246	2,348	2,342
2,260	2,349	2,384
2,258	2,344	2,390
2,259	2,351	2,388
2,266	2,343	2,370
2,258	2,348	2,369
2,259	2,336	2,334
2,258	2,341	2,367
2,259	2,343	2,363
2,259	2,342	2,357
2,261	2,350	2,387
2,263	2,347	2,400
2,258	2,338	2,400
2,252	2,349	2,392
2,253	2,348	2,379
2,256	2,347	2,379
2,266	2,349	2,416
2,261	2,351	2,438
2,256	2,349	2,445
2,261	2,349	2,445
2,258	2,351	2,426
2,261	2,349	2,404
2,266	2,351	2,413
2,266	2,348	2,419
2,270	2,353	2,409
2,270	2,351	2,432
2,271	2,354	2,444
2,268	2,348	2,461
2,271	2,351	2,444
2,268	2,351	2,444
2,268	2,356	2,489
2,261	2,354	2,460
2,261	2,351	2,402
2,258	2,346	2,372
2,261	2,348	2,374
2,267	2,357	2,392
2,268	2,351	2,416
2,271	2,347	2,427
2,276	2,344	2,427
2,273	2,350	2,446
2,271	2,350	2,427
2,270	2,347	2,413
2,274	2,349	2,417
2,276	2,353	2,424
2,273	2,359	2,427
2,273	2,351	2,407
2,276	2,356	2,437
2,279	2,358	2,489
2,273	2,361	2,487
2,268	2,348	2,464
2,273	2,351	2,449
2,271	2,355	2,473
2,273	2,359	2,437
2,273	2,358	2,421
2,264	2,359	2,399
2,269	2,351	2,421
2,268	2,356	2,427
2,268	2,356	2,426
2,272	2,354	2,437
2,272	2,354	2,424
2,273	2,362	2,458
2,276	2,356	2,445
2,268	2,356	2,424
2,263	2,349	2,398
2,272	2,354	2,392
2,266	2,348	2,374
2,261	2,351	2,354
2,268	2,356	2,391
2,263	2,360	2,389
2,266	2,350	2,384
2,268	2,351	2,385
2,268	2,352	2,369
2,264	2,354	2,389
2,261	2,346	2,374
2,268	2,348	2,347
2,258	2,350	2,342
2,267	2,353	2,354
2,263	2,348	2,347
2,258	2,346	2,319
2,263	2,351	2,364
2,263	2,348	2,374
2,265	2,348	2,379
2,261	2,348	2,367
2,251	2,348	2,355
2,253	2,345	2,362
2,261	2,348	2,366
2,258	2,346	2,362
2,258	2,353	2,347
2,258	2,348	2,326
2,258	2,348	2,328
2,253	2,349	2,324
2,251	2,343	2,324
2,250	2,343	2,332
2,252	2,348	2,322
2,253	2,356	2,302
2,251	2,350	2,306
2,261	2,344	2,322
2,261	2,345	2,345
2,257	2,349	2,358
2,263	2,350	2,384
2,262	2,349	2,385
2,258	2,349	2,380
2,258	2,343	2,344
2,256	2,348	2,347
2,251	2,346	2,345
2,251	2,348	2,354
2,251	2,348	2,357
2,253	2,347	2,359
2,258	2,348	2,404
2,261	2,348	2,429
2,259	2,338	2,387
2,258	2,348	2,370
2,256	2,353	2,353
2,258	2,348	2,355
2,258	2,349	2,412
2,257	2,348	2,445
2,253	2,348	2,432
2,259	2,353	2,402
2,259	2,346	2,391
2,253	2,348	2,379
2,261	2,348	2,379
2,263	2,343	2,384
2,257	2,362	2,400
2,261	2,360	2,404
2,263	2,362	2,416
2,266	2,357	2,434
2,265	2,348	2,412
2,269	2,351	2,424
2,268	2,356	2,404
2,265	2,351	2,394
2,265	2,358	2,411
2,266	2,359	2,398
2,273	2,361	2,445
2,273	2,361	2,452
2,272	2,353	2,439
2,276	2,359	2,442
2,271	2,361	2,417
2,261	2,359	2,417
2,258	2,351	2,396
2,260	2,356	2,392
2,268	2,353	2,403
2,266	2,351	2,405
2,266	2,348	2,374
2,265	2,356	2,406
2,260	2,361	2,414
2,268	2,353	2,398
2,268	2,358	2,369
2,273	2,359	2,374
2,276	2,361	2,379
2,271	2,357	2,379
2,276	2,357	2,417
2,272	2,359	2,424
2,278	2,360	2,441
2,271	2,362	2,432
2,283	2,370	2,461
2,268	2,363	2,450
2,269	2,364	2,421
2,271	2,361	2,404
2,269	2,361	2,397
2,269	2,364	2,394
2,261	2,356	2,377
2,260	2,363	2,409
2,263	2,358	2,416
2,264	2,356	2,389
2,274	2,359	2,403
2,268	2,361	2,397
2,263	2,358	2,382
2,263	2,363	2,365
2,264	2,361	2,347
2,273	2,361	2,371
2,266	2,364	2,399
2,263	2,361	2,382
2,268	2,359	2,392
2,266	2,356	2,382
2,261	2,359	2,385
2,267	2,354	2,379
2,266	2,356	2,357
2,256	2,351	2,352
2,260	2,355	2,341
2,250	2,354	2,342
2,257	2,358	2,334
2,249	2,359	2,332
2,248	2,348	2,314
2,251	2,349	2,310
2,245	2,354	2,302
2,252	2,348	2,310
2,246	2,354	2,327
2,251	2,348	2,326
2,251	2,351	2,341
2,248	2,351	2,322
2,251	2,350	2,309
2,243	2,350	2,359
2,251	2,351	2,373
2,243	2,353	2,370
2,243	2,348	2,372
2,239	2,343	2,367
2,238	2,349	2,337
2,240	2,349	2,323
2,239	2,348	2,319
2,249	2,351	2,326
2,243	2,345	2,375
2,245	2,346	2,359
2,252	2,351	2,363
2,256	2,348	2,384
2,256	2,353	2,414
2,246	2,347	2,385
2,251	2,347	2,395
2,250	2,347	2,399
2,256	2,360	2,414
2,254	2,353	2,424
2,253	2,359	2,427
2,256	2,350	2,412
2,251	2,357	2,429
2,253	2,359	2,396
2,251	2,351	2,389
2,253	2,356	2,397
2,258	2,359	2,423
2,253	2,356	2,417
2,255	2,353	2,391
2,257	2,355	2,412
2,251	2,356	2,394
2,259	2,356	2,405
2,256	2,348	2,412
2,256	2,353	2,399
2,260	2,356	2,437
2,258	2,358	2,448
2,253	2,359	2,435
2,261	2,361	2,427
2,258	2,358	2,462
2,261	2,353	2,469
2,266	2,361	2,463
2,264	2,359	2,424
2,261	2,361	2,425
2,261	2,353	2,432
2,263	2,359	2,424
2,266	2,355	2,419
2,263	2,362	2,449
2,261	2,360	2,439
2,268	2,362	2,419
2,271	2,359	2,450
2,261	2,364	2,455
2,263	2,358	2,467
2,266	2,353	2,444
2,267	2,361	2,457
2,266	2,364	2,465
2,258	2,358	2,444
2,258	2,359	2,415
2,260	2,348	2,424
2,260	2,353	2,441
2,256	2,359	2,414
2,259	2,359	2,404
2,261	2,361	2,417
2,251	2,359	2,382
2,252	2,353	2,359
2,256	2,354	2,379
2,258	2,356	2,380
2,256	2,356	2,409
2,256	2,350	2,387
2,253	2,348	2,370
2,260	2,359	2,410
2,260	2,354	2,429
2,256	2,363	2,424
2,261	2,360	2,409
2,261	2,355	2,436
2,261	2,352	2,424
2,258	2,350	2,413
2,258	2,356	2,401
2,254	2,349	2,384
2,259	2,346	2,366
2,251	2,351	2,347
2,248	2,353	2,374
2,251	2,348	2,379
2,244	2,349	2,374
2,243	2,356	2,366
2,253	2,348	2,374
2,248	2,353	2,344
2,250	2,348	2,354
2,251	2,348	2,360
2,241	2,348	2,347
2,249	2,351	2,370
2,251	2,348	2,367
2,256	2,359	2,379
2,253	2,354	2,376
2,256	2,351	2,364
2,249	2,349	2,377
2,254	2,351	2,367
2,253	2,348	2,379
2,261	2,359	2,383
2,258	2,348	2,394
2,255	2,341	2,369
2,248	2,350	2,342
2,254	2,352	2,354
2,248	2,342	2,346
2,253	2,355	2,379
2,244	2,348	2,379
2,258	2,349	2,400
2,253	2,351	2,377
2,246	2,348	2,360
2,253	2,348	2,364
2,253	2,353	2,399
2,256	2,349	2,387
2,252	2,346	2,363
2,248	2,347	2,342
2,253	2,349	2,362
2,256	2,348	2,355
2,256	2,353	2,394
2,263	2,359	2,418
2,258	2,351	2,452
2,259	2,351	2,471
2,251	2,354	2,457
2,251	2,351	2,422
2,247	2,346	2,414
2,250	2,348	2,396
2,243	2,341	2,369
2,251	2,351	2,377
2,258	2,349	2,414
2,261	2,345	2,405
2,265	2,359	2,439
2,272	2,352	2,442
2,261	2,351	2,411
2,261	2,363	2,391
2,258	2,353	2,419
2,253	2,354	2,431
2,258	2,348	2,427
2,251	2,349	2,402
2,259	2,351	2,440
2,261	2,356	2,437
2,258	2,358	2,412
2,266	2,362	2,442
2,266	2,359	2,438
2,266	2,358	2,424
2,263	2,361	2,437
2,263	2,361	2,462
2,258	2,359	2,450
2,260	2,364	2,448
2,269	2,363	2,459
2,263	2,361	2,449
2,271	2,366	2,467
2,268	2,361	2,449
2,273	2,363	2,469
2,262	2,363	2,466
2,258	2,361	2,449
2,261	2,361	2,437
2,261	2,363	2,437
2,261	2,362	2,439
2,263	2,363	2,418
2,266	2,358	2,456
2,262	2,359	2,494
2,261	2,358	2,489
2,261	2,364	2,457
2,258	2,359	2,439
2,266	2,364	2,474
2,262	2,366	2,489
2,263	2,363	2,510
2,261	2,363	2,487
2,263	2,361	2,479
2,256	2,358	2,457
2,248	2,358	2,427
2,266	2,357	2,440
2,262	2,366	2,437
2,264	2,361	2,416
2,258	2,361	2,416
2,261	2,358	2,383
2,253	2,358	2,373
2,263	2,363	2,367
2,261	2,359	2,387
2,261	2,356	2,389
2,258	2,358	2,377
2,256	2,349	2,353
2,250	2,351	2,352
2,253	2,351	2,334
2,248	2,349	2,322
2,246	2,350	2,323
2,253	2,363	2,322
2,258	2,355	2,327
2,250	2,350	2,315
2,247	2,353	2,322
2,249	2,348	2,311
2,241	2,346	2,296
2,243	2,351	2,302
2,246	2,351	2,296
2,244	2,346	2,291
2,246	2,349	2,280
2,246	2,349	2,279
2,238	2,348	2,264
2,236	2,343	2,259
2,229	2,348	2,256
2,238	2,346	2,269
2,236	2,348	2,276
2,236	2,343	2,261
2,238	2,348	2,269
2,236	2,341	2,252
2,243	2,338	2,271
2,239	2,341	2,274
2,239	2,348	2,289
2,233	2,343	2,279
2,236	2,346	2,276
2,238	2,339	2,282
2,242	2,338	2,282
2,238	2,341	2,285
2,231	2,331	2,275
2,228	2,338	2,270
2,233	2,342	2,269
2,234	2,338	2,269
2,238	2,341	2,279
2,235	2,334	2,277
2,231	2,336	2,276
2,228	2,338	2,269
2,231	2,336	2,282
2,233	2,338	2,277
2,234	2,336	2,295
2,236	2,336	2,274
2,229	2,336	2,269
2,233	2,340	2,296
2,238	2,338	2,290
2,235	2,331	2,292
2,236	2,336	2,289
2,239	2,336	2,314
2,236	2,334	2,302
2,236	2,334	2,301
2,236	2,336	2,319
2,238	2,339	2,334
2,238	2,340	2,352
2,238	2,343	2,355
2,249	2,346	2,353
2,238	2,341	2,342
2,243	2,340	2,331
2,242	2,343	2,362
2,246	2,331	2,374
2,246	2,347	2,393
2,246	2,337	2,392
2,251	2,348	2,424
2,250	2,341	2,412
2,258	2,348	2,408
2,257	2,351	2,414
2,256	2,352	2,409
2,258	2,348	2,424
2,261	2,348	2,444
2,255	2,351	2,450
2,269	2,348	2,439
2,271	2,346	2,432
2,274	2,351	2,471
2,280	2,353	2,469
2,281	2,351	2,458
2,285	2,351	2,469
2,283	2,348	2,449
2,281	2,348	2,437
2,286	2,353	2,441
2,283	2,356	2,439
2,286	2,356	2,429
2,278	2,353	2,422
2,281	2,353	2,432
2,283	2,351	2,446
2,281	2,356	2,462
2,284	2,348	2,469
2,286	2,358	2,500
2,286	2,348	2,474
2,281	2,347	2,463
2,284	2,355	2,474
2,284	2,360	2,489
2,283	2,358	2,508
2,286	2,352	2,480
2,288	2,358	2,482
2,288	2,357	2,482
2,281	2,353	2,469
2,283	2,359	2,464
2,281	2,356	2,444
2,283	2,353	2,432
2,287	2,361	2,457
2,283	2,351	2,447
2,284	2,355	2,454
2,278	2,346	2,435
2,278	2,356	2,425
2,282	2,351	2,396
2,278	2,361	2,414
2,279	2,348	2,409
2,283	2,348	2,386
2,281	2,354	2,397
2,273	2,351	2,392
2,273	2,359	2,395
2,283	2,361	2,398
2,281	2,351	2,396
2,276	2,348	2,379
2,271	2,353	2,362
2,266	2,342	2,364
2,270	2,340	2,346
2,271	2,342	2,348
2,271	2,347	2,344
2,266	2,348	2,326
2,271	2,346	2,332
2,271	2,349	2,312
2,263	2,348	2,325
2,269	2,351	2,342
2,259	2,348	2,334
2,266	2,346	2,321
2,268	2,346	2,330
2,263	2,348	2,322
2,257	2,346	2,314
2,271	2,348	2,324
2,264	2,345	2,306
2,258	2,341	2,314
2,268	2,348	2,327
2,268	2,348	2,347
2,275	2,356	2,339
2,274	2,351	2,335
2,274	2,353	2,374
2,271	2,351	2,360
2,278	2,353	2,389
2,278	2,364	2,409
2,272	2,353	2,388
2,266	2,356	2,379
2,268	2,361	2,404
2,274	2,351	2,432
2,271	2,353	2,450
2,273	2,358	2,455
2,276	2,354	2,444
2,273	2,358	2,432
2,273	2,354	2,424
2,276	2,356	2,433
2,264	2,356	2,422
2,276	2,359	2,411
2,268	2,362	2,406
2,284	2,364	2,399
2,276	2,356	2,393
2,278	2,361	2,404
2,280	2,361	2,402
2,272	2,348	2,412
2,283	2,355	2,444
2,278	2,356	2,456
2,276	2,353	2,437
2,281	2,359	2,404
2,285	2,359	2,377
2,283	2,356	2,392
2,279	2,360	2,410
2,283	2,366	2,434
2,281	2,362	2,416
2,280	2,361	2,432
2,283	2,364	2,411
2,285	2,364	2,424
2,283	2,361	2,434
2,283	2,359	2,422
2,288	2,355	2,431
2,295	2,359	2,440
2,282	2,362	2,424
2,291	2,365	2,437
2,296	2,362	2,432
2,285	2,363	2,407
2,283	2,360	2,394
2,283	2,360	2,382
2,283	2,356	2,372
2,284	2,358	2,364
2,278	2,359	2,368
2,286	2,358	2,367
2,283	2,349	2,360
2,281	2,348	2,347
2,279	2,353	2,355
2,271	2,356	2,343
2,273	2,356	2,367
2,268	2,351	2,359
2,263	2,351	2,355
2,267	2,354	2,331
2,268	2,351	2,325
2,269	2,348	2,319
2,263	2,354	2,322
2,263	2,348	2,309
2,265	2,348	2,297
2,266	2,348	2,304
2,269	2,351	2,296
2,266	2,346	2,289
2,263	2,346	2,297
2,266	2,345	2,293
2,258	2,339	2,289
2,257	2,350	2,281
2,261	2,350	2,284
2,261	2,347	2,281
2,258	2,344	2,290
2,258	2,346	2,282
2,255	2,343	2,282
2,258	2,349	2,284
2,253	2,346	2,287
2,256	2,338	2,289
2,253	2,339	2,279
2,250	2,338	2,274
2,253	2,341	2,264
2,247	2,340	2,256
2,254	2,338	2,256
2,251	2,343	2,259
2,250	2,341	2,269
2,250	2,343	2,269
2,250	2,336	2,272
2,246	2,338	2,264
2,248	2,338	2,261
2,248	2,341	2,256
2,246	2,336	2,257
2,243	2,333	2,259
2,243	2,339	2,266
2,243	2,336	2,269
2,246	2,329	2,282
2,248	2,336	2,283
2,243	2,334	2,271
2,238	2,330	2,264
2,247	2,333	2,257
2,241	2,332	2,259
2,239	2,338	2,264
2,241	2,331	2,254
2,243	2,336	2,266
2,251	2,343	2,297
2,249	2,336	2,325
2,249	2,336	2,310
2,251	2,338	2,329
2,258	2,346	2,354
2,255	2,340	2,352
2,256	2,338	2,335
2,254	2,340	2,347
2,258	2,346	2,356
2,258	2,338	2,347
2,256	2,336	2,329
2,261	2,343	2,386
2,264	2,337	2,387
2,261	2,341	2,377
2,268	2,338	2,424
2,268	2,343	2,444
2,266	2,343	2,431
2,266	2,346	2,459
2,263	2,343	2,434
2,266	2,346	2,464
2,269	2,352	2,462
2,266	2,348	2,449
2,264	2,340	2,449
2,271	2,350	2,437
2,270	2,348	2,457
2,273	2,349	2,473
2,273	2,351	2,459
2,278	2,351	2,457
2,280	2,351	2,472
2,290	2,354	2,487
2,286	2,359	2,525
2,288	2,356	2,547
2,283	2,351	2,584
2,281	2,358	2,570
2,286	2,358	2,579
2,296	2,358	2,578
2,304	2,358	2,567
2,303	2,359	2,542
2,304	2,363	2,535
2,295	2,350	2,526
2,306	2,354	2,522
2,296	2,354	2,510
2,296	2,361	2,530
2,293	2,361	2,514
2,299	2,353	2,513
2,298	2,353	2,502
2,300	2,361	2,506
2,296	2,359	2,532
2,296	2,356	2,527
2,309	2,359	2,532
2,309	2,368	2,530
2,314	2,372	2,537
2,311	2,362	2,510
2,309	2,366	2,489
2,311	2,377	2,507
2,306	2,371	2,499
2,301	2,363	2,502
2,306	2,366	2,482
2,317	2,371	2,508
2,309	2,371	2,479
2,306	2,374	2,502
2,303	2,370	2,519
2,303	2,369	2,527
2,304	2,371	2,552
2,301	2,374	2,519
2,308	2,371	2,519
2,304	2,374	2,502
2,308	2,374	2,527
2,308	2,377	2,532
2,303	2,366	2,512
2,298	2,376	2,489
2,301	2,369	2,464
2,304	2,371	2,470
2,303	2,366	2,469
2,304	2,368	2,479
2,303	2,370	2,500
2,301	2,371	2,489
2,304	2,370	2,469
2,304	2,373	2,444
2,298	2,375	2,432
2,304	2,373	2,427
2,301	2,371	2,411
2,289	2,372	2,404
2,296	2,374	2,439
2,298	2,371	2,479
2,302	2,374	2,469
2,298	2,371	2,446
2,294	2,374	2,424
2,299	2,369	2,414
2,296	2,375	2,424
2,296	2,373	2,427
2,293	2,374	2,438
2,290	2,376	2,411
2,296	2,368	2,449
2,291	2,374	2,457
2,288	2,376	2,448
2,291	2,369	2,467
2,293	2,374	2,454
2,288	2,372	2,457
2,289	2,371	2,449
2,288	2,376	2,431
2,289	2,371	2,404
2,281	2,366	2,394
2,286	2,367	2,379
2,289	2,365	2,412
2,297	2,369	2,436
2,296	2,370	2,452
2,294	2,369	2,435
2,283	2,372	2,433
2,292	2,379	2,454
2,291	2,377	2,436
2,291	2,372	2,401
2,296	2,364	2,391
2,286	2,371	2,404
2,286	2,368	2,398
2,281	2,363	2,380
2,286	2,371	2,402
2,291	2,370	2,402
2,291	2,371	2,407
2,291	2,371	2,399
2,283	2,363	2,397
2,289	2,374	2,374
2,283	2,364	2,384
2,296	2,371	2,404
2,306	2,374	2,442
2,301	2,374	2,432
2,290	2,374	2,412
2,298	2,371	2,404
2,299	2,377	2,419
2,298	2,369	2,416
2,298	2,374	2,399
2,292	2,369	2,397
2,288	2,371	2,384
2,296	2,372	2,432
2,291	2,375	2,424
2,291	2,368	2,412
2,286	2,371	2,398
2,288	2,369	2,401
2,287	2,374	2,395
2,286	2,368	2,382
2,291	2,374	2,415
2,286	2,376	2,412
2,296	2,371	2,416
2,286	2,364	2,403
2,286	2,363	2,384
2,286	2,373	2,389
2,286	2,368	2,377
2,283	2,373	2,385
2,277	2,371	2,377
2,278	2,363	2,359
2,283	2,366	2,359
2,286	2,366	2,374
2,276	2,364	2,355
2,283	2,363	2,367
2,275	2,368	2,374
2,287	2,369	2,374
2,283	2,368	2,359
2,286	2,368	2,363
2,283	2,371	2,364
2,276	2,364	2,352
2,275	2,368	2,342
2,280	2,365	2,342
2,291	2,367	2,363
2,286	2,365	2,377
2,291	2,364	2,369
2,286	2,368	2,414
2,289	2,374	2,416
2,284	2,366	2,376
2,286	2,367	2,377
2,291	2,374	2,391
2,286	2,373	2,394
2,283	2,374	2,402
2,287	2,371	2,374
2,283	2,370	2,364
2,289	2,369	2,401
2,288	2,379	2,457
2,291	2,376	2,456
2,288	2,368	2,437
2,285	2,366	2,419
2,291	2,371	2,449
2,291	2,372	2,483
2,283	2,371	2,457
2,281	2,374	2,424
2,283	2,374	2,409
2,287	2,374	2,444
2,286	2,376	2,452
2,288	2,376	2,462
2,291	2,369	2,501
2,283	2,378	2,502
2,283	2,372	2,469
2,291	2,375	2,481
2,286	2,377	2,499
2,296	2,378	2,499
2,288	2,374	2,482
2,283	2,377	2,452
2,273	2,376	2,434
2,287	2,373	2,426
2,291	2,381	2,449
2,288	2,381	2,494
2,291	2,376	2,489
2,288	2,378	2,475
2,293	2,376	2,464
2,286	2,378	2,482
2,283	2,378	2,464
2,291	2,376	2,473
2,283	2,374	2,479
2,284	2,379	2,488
2,283	2,377	2,487
2,291	2,382	2,505
2,288	2,379	2,528
2,294	2,379	2,514
2,288	2,379	2,474
2,288	2,374	2,441
2,297	2,379	2,491
2,294	2,380	2,527
2,291	2,379	2,500
2,288	2,382	2,489
2,283	2,380	2,469
2,292	2,391	2,517
2,296	2,384	2,514
2,296	2,382	2,482
2,283	2,384	2,472
2,291	2,381	2,462
2,283	2,379	2,456
2,293	2,376	2,435
2,291	2,381	2,452
2,293	2,383	2,442
2,294	2,382	2,441
2,291	2,383	2,452
2,303	2,386	2,469
2,302	2,386	2,484
2,301	2,381	2,482
2,293	2,381	2,504
2,294	2,379	2,502
2,293	2,386	2,504
2,297	2,391	2,514
2,294	2,376	2,532
2,291	2,376	2,526
2,294	2,386	2,496
2,298	2,389	2,484
2,290	2,391	2,462
2,298	2,383	2,432
2,298	2,388	2,450
2,294	2,388	2,502
2,306	2,392	2,514
2,306	2,392	2,488
2,303	2,390	2,494
2,303	2,389	2,474
2,301	2,391	2,482
2,301	2,389	2,509
2,304	2,387	2,494
2,298	2,386	2,481
2,302	2,391	2,482
2,301	2,391	2,474
2,304	2,389	2,508
2,301	2,387	2,527
2,303	2,393	2,548
2,306	2,392	2,559
2,303	2,393	2,529
2,298	2,391	2,514
2,304	2,389	2,488
2,304	2,388	2,501
2,303	2,388	2,519
2,305	2,391	2,507
2,307	2,389	2,517
2,306	2,391	2,488
2,304	2,383	2,482
2,304	2,383	2,482
2,311	2,386	2,462
2,305	2,391	2,432
2,304	2,386	2,443
2,304	2,381	2,437
2,314	2,386	2,466
2,306	2,393	2,457
2,308	2,393	2,473
2,303	2,385	2,474
2,299	2,392	2,467
2,301	2,390	2,444
2,298	2,391	2,447
2,299	2,391	2,469
2,300	2,391	2,437
2,299	2,388	2,406
2,298	2,391	2,427
2,301	2,391	2,454
2,298	2,387	2,473
2,304	2,393	2,474
2,305	2,391	2,449
2,303	2,388	2,494
2,304	2,384	2,487
2,311	2,388	2,492
2,308	2,393	2,500
2,308	2,391	2,474
2,309	2,393	2,497
2,307	2,394	2,504
2,306	2,399	2,480
2,306	2,391	2,444
2,304	2,391	2,444
2,298	2,398	2,464
2,300	2,401	2,483
2,298	2,391	2,467
2,306	2,397	2,469
2,304	2,389	2,465
2,304	2,402	2,469
2,300	2,398	2,492
2,301	2,397	2,462
2,307	2,397	2,482
2,304	2,392	2,474
2,301	2,391	2,471
2,301	2,396	2,493
2,298	2,390	2,494
2,303	2,393	2,489
2,301	2,396	2,514
2,301	2,391	2,490
2,304	2,399	2,519
2,301	2,398	2,492
2,295	2,391	2,462
2,301	2,393	2,474
2,301	2,396	2,488
2,301	2,396	2,487
2,303	2,393	2,482
2,302	2,391	2,454
2,306	2,401	2,475
2,310	2,401	2,529
2,309	2,401	2,542
2,303	2,393	2,519
2,306	2,399	2,501
2,306	2,407	2,494
2,306	2,404	2,482
2,311	2,396	2,497
2,304	2,410	2,496
2,311	2,401	2,509
2,308	2,402	2,504
2,302	2,409	2,492
2,311	2,411	2,527
2,311	2,403	2,540
2,311	2,404	2,560
2,313	2,404	2,558
2,314	2,398	2,541
2,306	2,404	2,519
2,309	2,401	2,504
2,304	2,401	2,510
2,306	2,396	2,510
2,311	2,401	2,477
2,304	2,396	2,462
2,312	2,404	2,502
2,298	2,404	2,488
2,304	2,401	2,487
2,293	2,401	2,448
2,293	2,396	2,409
2,293	2,399	2,424
2,296	2,394	2,418
2,298	2,401	2,404
2,291	2,396	2,369
2,289	2,393	2,367
2,288	2,393	2,367
2,278	2,391	2,352
2,280	2,388	2,334
2,280	2,385	2,339
2,281	2,385	2,331
2,281	2,388	2,360
2,283	2,385	2,359
2,279	2,387	2,339
2,273	2,384	2,327
2,274	2,386	2,317
2,271	2,384	2,321
2,266	2,386	2,312
2,270	2,378	2,316
2,271	2,381	2,305
2,268	2,383	2,321
2,264	2,378	2,312
2,263	2,383	2,301
2,266	2,384	2,314
2,262	2,384	2,307
2,270	2,381	2,333
2,261	2,376	2,322
2,266	2,381	2,329
2,261	2,382	2,327
2,266	2,379	2,317
2,266	2,379	2,328
2,266	2,374	2,314
2,261	2,374	2,310
2,258	2,376	2,307
2,261	2,379	2,302
2,249	2,366	2,289
2,256	2,371	2,282
2,259	2,375	2,296
2,258	2,378	2,307
2,258	2,374	2,310
2,258	2,370	2,315
2,258	2,374	2,307
2,254	2,370	2,289
2,256	2,374	2,292
2,256	2,374	2,293
2,256	2,369	2,292
2,263	2,376	2,313
2,257	2,371	2,327
2,258	2,373	2,332
2,258	2,368	2,328
2,254	2,371	2,309
2,258	2,376	2,345
2,258	2,369	2,347
2,263	2,368	2,332
2,257	2,366	2,333
2,258	2,366	2,332
2,258	2,376	2,322
2,268	2,378	2,384
2,261	2,376	2,403
2,257	2,376	2,388
2,268	2,376	2,377
2,250	2,368	2,367
2,258	2,367	2,374
2,258	2,370	2,374
2,256	2,372	2,377
2,253	2,372	2,354
2,252	2,370	2,364
2,256	2,367	2,341
2,251	2,368	2,332
2,259	2,369	2,344
2,263	2,371	2,374
2,265	2,371	2,389
2,268	2,371	2,409
2,272	2,376	2,429
2,266	2,371	2,411
2,268	2,376	2,424
2,263	2,370	2,412
2,271	2,376	2,417
2,268	2,378	2,407
2,268	2,376	2,392
2,278	2,379	2,422
2,281	2,384	2,447
2,278	2,379	2,447
2,270	2,379	2,441
2,276	2,379	2,424
2,276	2,379	2,427
2,283	2,389	2,450
2,281	2,381	2,467
2,280	2,379	2,447
2,273	2,379	2,444
2,289	2,376	2,442
2,288	2,396	2,437
2,283	2,379	2,412
2,283	2,377	2,443
2,288	2,385	2,482
2,289	2,381	2,462
2,286	2,385	2,448
2,293	2,382	2,477
2,286	2,386	2,479
2,282	2,384	2,472
2,284	2,387	2,476
2,283	2,388	2,476
2,291	2,391	2,492
2,286	2,381	2,497
2,283	2,384	2,457
2,292	2,388	2,483
2,283	2,381	2,489
2,283	2,389	2,459
2,286	2,386	2,436
2,281	2,381	2,481
2,281	2,386	2,481
2,286	2,392	2,474
2,285	2,391	2,459
2,286	2,386	2,437
2,291	2,389	2,468
2,288	2,391	2,454
2,288	2,386	2,462
2,283	2,386	2,450
2,283	2,378	2,424
2,284	2,379	2,449
2,281	2,387	2,437
2,289	2,393	2,464
2,281	2,394	2,499
2,288	2,387	2,477
2,289	2,384	2,453
2,289	2,389	2,434
2,296	2,394	2,462
2,293	2,388	2,442
2,291	2,386	2,412
2,293	2,391	2,425
2,291	2,388	2,461
2,288	2,390	2,469
2,294	2,391	2,459
2,288	2,389	2,461
2,291	2,393	2,460
2,293	2,391	2,437
2,291	2,388	2,424
2,298	2,389	2,454
2,288	2,396	2,466
2,296	2,392	2,512
2,291	2,391	2,521
2,299	2,391	2,502
2,301	2,391	2,522
2,294	2,391	2,508
2,301	2,398	2,519
2,301	2,397	2,506
2,297	2,389	2,477
2,298	2,392	2,469
2,294	2,397	2,479
2,296	2,392	2,444
2,298	2,394	2,449
2,294	2,390	2,424
2,293	2,396	2,457
2,301	2,397	2,487
2,304	2,391	2,469
2,298	2,391	2,461
2,298	2,401	2,462
2,298	2,398	2,441
2,299	2,401	2,489
2,293	2,401	2,509
2,298	2,393	2,507
2,291	2,391	2,474
2,294	2,393	2,494
2,300	2,398	2,502
2,291	2,396	2,469
2,294	2,393	2,502
2,301	2,396	2,518
2,296	2,397	2,495
2,301	2,393	2,467
2,303	2,403	2,450
2,313	2,396	2,474
2,314	2,401	2,503
2,309	2,396	2,519
2,304	2,391	2,520
2,303	2,396	2,520
2,313	2,394	2,512
2,311	2,395	2,487
2,316	2,400	2,481
2,311	2,398	2,457
2,308	2,399	2,459
2,307	2,393	2,453
2,301	2,391	2,428
2,291	2,393	2,412
2,296	2,396	2,396
2,298	2,393	2,445
2,288	2,396	2,437
2,296	2,394	2,419
2,288	2,391	2,403
2,289	2,390	2,416
2,286	2,388	2,404
2,283	2,391	2,368
2,277	2,386	2,354
2,282	2,391	2,354
2,281	2,387	2,348
2,278	2,386	2,334
2,283	2,384	2,321
2,276	2,379	2,304
2,277	2,376	2,289
2,268	2,381	2,294
2,274	2,377	2,294
2,273	2,379	2,297
2,276	2,379	2,289
2,273	2,374	2,289
2,268	2,375	2,296
2,261	2,376	2,288
2,268	2,375	2,292
2,263	2,376	2,282
2,266	2,377	2,282
2,265	2,372	2,277
2,259	2,375	2,272
2,268	2,374	2,282
2,269	2,366	2,282
2,263	2,374	2,287
2,261	2,376	2,282
2,263	2,376	2,277
2,263	2,374	2,277
2,256	2,373	2,269
2,258	2,366	2,277
2,251	2,371	2,271
2,256	2,373	2,269
2,258	2,368	2,276
2,250	2,365	2,277
2,248	2,371	2,276
2,250	2,364	2,274
2,251	2,363	2,264
2,246	2,363	2,269
2,249	2,364	2,256
2,251	2,364	2,259
2,254	2,363	2,270
2,253	2,371	2,274
2,251	2,361	2,269
2,250	2,363	2,285
2,241	2,359	2,289
2,249	2,362	2,297
2,251	2,360	2,293
2,250	2,361	2,287
2,251	2,361	2,284
2,256	2,359	2,290
2,253	2,359	2,279
2,253	2,361	2,302
2,246	2,364	2,302
2,248	2,361	2,286
2,253	2,361	2,293
2,255	2,361	2,291
2,251	2,357	2,289
2,245	2,356	2,289
2,243	2,361	2,294
2,241	2,357	2,284
2,244	2,361	2,287
2,250	2,353	2,304
2,244	2,354	2,289
2,244	2,352	2,281
2,256	2,356	2,309
2,248	2,356	2,309
2,248	2,361	2,313
2,257	2,353	2,342
2,258	2,353	2,324
2,256	2,351	2,312
2,256	2,358	2,352
2,261	2,367	2,387
2,260	2,359	2,393
2,268	2,360	2,432
2,266	2,365	2,412
2,271	2,363	2,406
2,273	2,364	2,399
2,268	2,364	2,418
2,271	2,364	2,414
2,266	2,364	2,397
2,276	2,374	2,417
2,273	2,366	2,459
2,281	2,363	2,470
2,275	2,369	2,476
2,270	2,369	2,461
2,268	2,363	2,456
2,271	2,361	2,432
2,271	2,366	2,445
2,271	2,366	2,472
2,271	2,366	2,477
2,268	2,368	2,461
2,268	2,364	2,432
2,266	2,359	2,411
2,263	2,363	2,403
2,271	2,361	2,439
2,283	2,369	2,469
2,280	2,368	2,473
2,280	2,363	2,444
2,273	2,366	2,444
2,276	2,359	2,444
2,281	2,372	2,431
2,281	2,366	2,431
2,273	2,364	2,429
2,284	2,375	2,462
2,276	2,364	2,449
2,283	2,364	2,444
2,278	2,367	2,442
2,278	2,369	2,457
2,278	2,363	2,426
2,264	2,368	2,409
2,271	2,364	2,393
2,278	2,364	2,437
2,277	2,371	2,439
2,285	2,371	2,482
2,281	2,376	2,469
2,278	2,376	2,462
2,283	2,363	2,444
2,286	2,374	2,444
2,280	2,373	2,435
2,278	2,372	2,439
2,276	2,371	2,404
2,278	2,371	2,437
2,276	2,374	2,479
2,273	2,374	2,477
2,271	2,369	2,460
2,271	2,376	2,469
2,276	2,368	2,444
2,274	2,370	2,407
2,278	2,367	2,409
2,282	2,370	2,440
2,284	2,375	2,461
2,283	2,373	2,482
2,286	2,371	2,442
2,276	2,377	2,442
2,286	2,381	2,500
2,299	2,381	2,497
2,299	2,376	2,502
2,299	2,381	2,532
2,296	2,384	2,562
2,301	2,378	2,544
2,293	2,386	2,541
2,291	2,378	2,522
2,300	2,386	2,534
2,301	2,386	2,529
2,301	2,378	2,496
2,301	2,384	2,494
2,298	2,389	2,508
2,301	2,384	2,489
2,301	2,376	2,468
2,297	2,378	2,469
2,298	2,386	2,479
2,301	2,379	2,489
2,297	2,384	2,480
2,296	2,376	2,462
2,302	2,382	2,472
2,304	2,385	2,484
2,304	2,385	2,507
2,298	2,380	2,481
2,296	2,385	2,495
2,300	2,382	2,506
2,298	2,382	2,514
2,309	2,384	2,514
2,303	2,386	2,507
2,306	2,386	2,489
2,300	2,391	2,494
2,301	2,391	2,500
2,301	2,389	2,473
2,301	2,383	2,449
2,306	2,384	2,474
2,303	2,387	2,469
2,308	2,391	2,489
2,309	2,391	2,488
2,307	2,391	2,482
2,306	2,391	2,484
2,308	2,389	2,472
2,305	2,388	2,500
2,304	2,391	2,482
2,301	2,391	2,504
2,301	2,388	2,507
2,304	2,391	2,514
2,301	2,388	2,496
2,303	2,388	2,477
2,301	2,387	2,444
2,301	2,394	2,456
2,299	2,393	2,474
2,298	2,389	2,451
2,293	2,383	2,435
2,293	2,386	2,424
2,286	2,387	2,421
2,288	2,391	2,429
2,288	2,386	2,418
2,291	2,381	2,414
2,278	2,376	2,397
2,280	2,376	2,392
2,276	2,381	2,369
2,279	2,376	2,361
2,283	2,381	2,354
2,278	2,379	2,334
2,271	2,376	2,330
2,273	2,376	2,316
2,273	2,376	2,322
2,271	2,376	2,314
2,266	2,369	2,302
2,271	2,376	2,302
2,271	2,368	2,313
2,275	2,376	2,314
2,273	2,376	2,327
2,271	2,376	2,319
2,268	2,376	2,314
2,263	2,367	2,310
2,263	2,375	2,312
2,268	2,372	2,312
2,271	2,373	2,304
2,273	2,375	2,292
2,261	2,366	2,289
2,264	2,364	2,284
2,265	2,367	2,282
2,258	2,364	2,269
2,258	2,366	2,266
2,256	2,369	2,269
2,258	2,363	2,276
2,250	2,368	2,269
2,252	2,366	2,274
2,253	2,353	2,280
2,250	2,356	2,281
2,261	2,363	2,299
2,253	2,361	2,305
2,254	2,361	2,299
2,246	2,356	2,308
2,247	2,364	2,297
2,246	2,356	2,287
2,253	2,363	2,327
2,245	2,358	2,341
2,248	2,359	2,340
2,251	2,361	2,319
2,249	2,353	2,329
2,248	2,360	2,322
2,251	2,357	2,315
2,248	2,356	2,324
2,246	2,352	2,301
2,241	2,355	2,295
2,238	2,347	2,289
2,248	2,359	2,329
2,253	2,359	2,364
2,256	2,356	2,359
2,246	2,356	2,342
2,249	2,354	2,332
2,246	2,356	2,334
2,243	2,353	2,327
2,244	2,362	2,346
2,256	2,365	2,355
2,255	2,363	2,379
2,251	2,361	2,387
2,253	2,361	2,391
2,258	2,356	2,385
2,250	2,359	2,364
2,260	2,356	2,378
2,256	2,357	2,354
2,258	2,354	2,375
2,258	2,351	2,367
2,258	2,353	2,351
2,258	2,356	2,346
2,261	2,356	2,366
2,251	2,356	2,354
2,258	2,359	2,360
2,258	2,351	2,351
2,254	2,359	2,360
2,258	2,361	2,399
2,270	2,357	2,444
2,261	2,363	2,437
2,271	2,366	2,448
2,273	2,364	2,417
2,273	2,364	2,411
2,267	2,366	2,397
2,265	2,361	2,377
2,276	2,374	2,448
2,278	2,369	2,462
2,276	2,364	2,474
2,281	2,366	2,464
2,281	2,368	2,488
2,279	2,371	2,462
2,283	2,368	2,442
2,280	2,363	2,437
2,276	2,363	2,439
2,271	2,358	2,435
2,271	2,359	2,419
2,266	2,361	2,404
2,278	2,363	2,424
2,273	2,361	2,427
2,273	2,361	2,406
2,271	2,363	2,391
2,263	2,364	2,382
2,261	2,356	2,374
2,263	2,362	2,379
2,273	2,365	2,387
2,269	2,355	2,374
2,271	2,364	2,354
2,266	2,361	2,360
2,261	2,359	2,347
2,263	2,364	2,355
2,260	2,362	2,366
2,266	2,360	2,350
2,257	2,361	2,334
2,259	2,359	2,342
2,263	2,361	2,347
2,266	2,359	2,355
2,258	2,351	2,344
2,258	2,356	2,327
2,258	2,353	2,324
2,263	2,358	2,342
2,263	2,358	2,342
2,266	2,362	2,342
2,259	2,351	2,329
2,266	2,357	2,357
2,259	2,356	2,347
2,258	2,361	2,332
2,251	2,356	2,327
2,263	2,356	2,375
2,263	2,354	2,382
2,258	2,348	2,343
2,259	2,361	2,350
2,258	2,351	2,355
2,261	2,352	2,348
2,255	2,355	2,319
2,257	2,347	2,317
2,258	2,352	2,327
2,256	2,354	2,346
2,251	2,353	2,330
2,251	2,350	2,314
2,250	2,345	2,316
2,243	2,348	2,304
2,249	2,354	2,321
2,253	2,346	2,335
2,248	2,348	2,317
2,246	2,345	2,312
2,244	2,349	2,309
2,249	2,351	2,334
2,256	2,348	2,355
2,258	2,359	2,369
2,261	2,356	2,366
2,258	2,349	2,341
2,259	2,348	2,350
2,256	2,351	2,342
2,259	2,349	2,334
2,258	2,346	2,341
2,253	2,346	2,363
2,252	2,346	2,339
2,253	2,343	2,347
2,253	2,344	2,335
2,249	2,349	2,347
2,248	2,351	2,380
2,248	2,349	2,384
2,251	2,349	2,384
2,254	2,357	2,421
2,258	2,352	2,423
2,256	2,348	2,391
2,258	2,356	2,431
2,256	2,354	2,424
2,264	2,356	2,467
2,261	2,356	2,443
2,263	2,361	2,452
2,266	2,353	2,434
2,266	2,354	2,457
2,265	2,361	2,475
2,268	2,356	2,485
2,267	2,356	2,454
2,271	2,363	2,464
2,273	2,362	2,504
2,273	2,364	2,493
2,270	2,361	2,463
2,268	2,363	2,504
2,273	2,369	2,522
2,281	2,366	2,519
2,278	2,371	2,545
2,283	2,364	2,529
2,278	2,359	2,524
2,283	2,366	2,539
2,276	2,365	2,565
2,278	2,368	2,563
2,294	2,369	2,562
2,296	2,368	2,535
2,296	2,364	2,502
2,299	2,368	2,537
2,301	2,371	2,544
2,293	2,369	2,526
2,296	2,366	2,507
2,288	2,363	2,519
2,287	2,363	2,508
2,286	2,365	2,514
2,284	2,364	2,501
2,283	2,363	2,469
2,284	2,371	2,496
2,278	2,368	2,461
2,281	2,363	2,434
2,283	2,369	2,442
2,288	2,372	2,437
2,281	2,374	2,477
2,283	2,368	2,474
2,286	2,368	2,494
2,281	2,364	2,479
2,284	2,369	2,474
2,281	2,363	2,454
2,283	2,363	2,454
2,280	2,366	2,429
2,285	2,370	2,449
2,293	2,367	2,452
2,291	2,365	2,426
2,286	2,368	2,404
2,286	2,367	2,404
2,276	2,366	2,395
2,280	2,366	2,404
2,283	2,368	2,402
2,283	2,356	2,407
2,276	2,361	2,391
2,281	2,361	2,394
2,273	2,363	2,375
2,280	2,356	2,342
2,276	2,363	2,367
2,283	2,366	2,417
2,281	2,368	2,401
2,280	2,369	2,421
2,282	2,368	2,421
2,283	2,364	2,431
2,278	2,366	2,430
2,278	2,364	2,412
2,276	2,363	2,373
2,274	2,364	2,396
2,273	2,368	2,394
2,278	2,369	2,392
2,283	2,363	2,388
2,278	2,363	2,374
2,281	2,370	2,391
2,283	2,367	2,404
2,287	2,367	2,419
2,284	2,364	2,425
2,281	2,369	2,419
2,281	2,374	2,453
2,280	2,366	2,457
2,279	2,372	2,424
2,278	2,371	2,437
2,284	2,368	2,419
2,286	2,368	2,404
2,283	2,373	2,429
2,280	2,366	2,438
2,286	2,366	2,432
2,284	2,371	2,447
2,281	2,371	2,476
2,281	2,371	2,474
2,291	2,374	2,490
2,285	2,376	2,452
2,291	2,374	2,489
2,288	2,381	2,520
2,288	2,374	2,484
2,288	2,371	2,473
2,283	2,376	2,447
2,286	2,376	2,469
2,286	2,371	2,461
2,291	2,378	2,465
2,286	2,377	2,485
2,286	2,370	2,469
2,286	2,382	2,482
2,291	2,383	2,467
2,290	2,377	2,433
2,286	2,377	2,416
2,288	2,376	2,409
2,291	2,376	2,445
2,288	2,379	2,432
2,292	2,376	2,423
2,291	2,382	2,439
2,293	2,381	2,447
2,296	2,376	2,447
2,288	2,376	2,423
2,289	2,376	2,407
2,296	2,378	2,444
2,296	2,383	2,444
2,298	2,376	2,449
2,296	2,376	2,454
2,289	2,384	2,489
2,296	2,376	2,482
2,296	2,386	2,497
2,294	2,382	2,519
2,291	2,377	2,474
2,294	2,379	2,489
2,293	2,377	2,474
2,298	2,380	2,474
2,291	2,374	2,482
2,289	2,372	2,445
2,286	2,378	2,444
2,280	2,373	2,435
2,283	2,371	2,427
2,278	2,377	2,391
2,286	2,376	2,412
2,283	2,376	2,387
2,283	2,371	2,380
2,280	2,371	2,374
2,271	2,376	2,367
2,281	2,376	2,385
2,276	2,367	2,359
2,281	2,376	2,357
2,278	2,374	2,340
2,280	2,376	2,355
2,279	2,366	2,342
2,281	2,374	2,352
2,276	2,369	2,342
2,273	2,367	2,331
2,281	2,373	2,342
2,279	2,366	2,324
2,273	2,373	2,320
2,278	2,366	2,307
2,276	2,369	2,323
2,273	2,369	2,329
2,276	2,368	2,334
2,278	2,364	2,342
2,277	2,370	2,338
2,281	2,372	2,354
2,276	2,374	2,347
2,273	2,369	2,347
2,275	2,364	2,327
2,271	2,362	2,325
2,271	2,363	2,321
2,266	2,369	2,317
2,268	2,363	2,322
2,273	2,369	2,335
2,269	2,363	2,349
2,273	2,370	2,340
2,266	2,363	2,322
2,266	2,359	2,327
2,268	2,361	2,317
2,266	2,361	2,307
2,271	2,363	2,334
2,265	2,361	2,327
2,271	2,364	2,330
2,268	2,363	2,362
2,273	2,363	2,347
2,273	2,368	2,363
2,278	2,366	2,374
2,278	2,371	2,392
2,276	2,368	2,393
2,281	2,367	2,379
2,281	2,364	2,424
2,269	2,373	2,449
2,276	2,374	2,420
2,284	2,365	2,444
2,284	2,369	2,441
2,288	2,372	2,444
2,291	2,369	2,437
2,286	2,371	2,412
2,294	2,376	2,412
2,278	2,369	2,399
2,283	2,371	2,432
2,283	2,377	2,439
2,294	2,378	2,465
2,296	2,378	2,474
2,286	2,376	2,449
2,299	2,376	2,469
2,293	2,379	2,457
2,301	2,379	2,477
2,299	2,376	2,476
2,303	2,384	2,481
2,301	2,381	2,489
2,307	2,384	2,497
2,313	2,378	2,472
2,306	2,374	2,428
2,316	2,376	2,447
2,305	2,376	2,434
2,306	2,377	2,458
2,309	2,375	2,502
2,306	2,375	2,505
2,316	2,383	2,502
2,312	2,376	2,525
