Projekt Aerodynamik Übung CPM3
P_amb in [Pa]:  100463 T_amb in [K]: 291
Channel 1-3 HCL Druckdaten [V] 
2,746	2,952	3,014
2,744	2,959	3,015
2,740	2,959	3,001
2,742	2,959	3,013
2,737	2,959	3,021
2,739	2,964	3,044
2,744	2,966	3,029
2,765	2,966	3,026
2,752	2,969	3,066
2,734	2,971	3,081
2,742	2,964	3,056
2,752	2,959	3,083
2,752	2,964	3,088
2,752	2,965	3,096
2,752	2,962	3,118
2,742	2,961	3,102
2,752	2,967	3,109
2,739	2,964	3,113
2,737	2,962	3,120
2,736	2,956	3,096
2,738	2,955	3,078
2,727	2,950	3,056
2,724	2,952	3,003
2,717	2,946	2,981
2,713	2,950	2,962
2,709	2,956	2,993
2,707	2,947	2,971
2,702	2,950	2,952
2,704	2,949	2,964
2,700	2,949	2,969
2,692	2,944	2,952
2,690	2,939	2,912
2,687	2,941	2,871
2,687	2,938	2,871
2,679	2,940	2,884
2,669	2,932	2,867
2,666	2,934	2,866
2,667	2,938	2,874
2,667	2,934	2,857
2,662	2,931	2,861
2,663	2,928	2,844
2,668	2,932	2,841
2,657	2,929	2,869
2,657	2,932	2,861
2,650	2,929	2,858
2,649	2,929	2,832
2,643	2,921	2,817
2,647	2,919	2,805
2,648	2,915	2,807
2,637	2,921	2,808
2,640	2,922	2,782
2,645	2,918	2,787
2,645	2,924	2,806
2,643	2,916	2,823
2,645	2,919	2,844
2,645	2,922	2,864
2,637	2,919	2,857
2,641	2,914	2,844
2,646	2,916	2,857
2,642	2,919	2,854
2,650	2,919	2,829
2,644	2,914	2,809
2,647	2,923	2,806
2,649	2,926	2,839
2,634	2,924	2,841
2,637	2,924	2,864
2,637	2,931	2,914
2,649	2,932	2,979
2,652	2,924	2,959
2,647	2,930	2,954
2,646	2,926	2,988
2,642	2,929	2,991
2,650	2,926	2,963
2,652	2,931	3,002
2,661	2,931	3,031
2,663	2,929	3,026
2,674	2,917	3,026
2,667	2,913	2,985
2,664	2,921	2,994
2,662	2,920	3,052
2,668	2,918	3,066
2,674	2,920	3,056
2,667	2,918	3,015
2,674	2,917	2,989
2,672	2,907	2,983
2,677	2,907	2,969
2,679	2,912	2,967
2,678	2,914	3,005
2,687	2,916	3,026
2,692	2,919	3,031
2,692	2,913	3,008
2,691	2,914	3,007
2,699	2,912	2,991
2,702	2,911	2,969
2,710	2,914	3,021
2,719	2,912	3,053
2,714	2,924	3,032
2,715	2,919	3,009
2,727	2,914	2,991
2,733	2,916	3,034
2,738	2,914	3,050
2,727	2,918	3,059
2,714	2,919	3,021
2,719	2,916	3,013
2,730	2,921	3,056
2,734	2,916	3,078
2,752	2,914	3,056
2,752	2,920	3,047
2,744	2,918	3,055
2,742	2,919	3,056
2,742	2,915	3,081
2,747	2,914	3,145
2,749	2,916	3,138
2,755	2,912	3,098
2,752	2,916	3,090
2,760	2,921	3,097
2,770	2,928	3,125
2,778	2,932	3,170
2,775	2,929	3,174
2,780	2,929	3,115
2,780	2,919	3,123
2,783	2,931	3,113
2,772	2,931	3,079
2,767	2,932	3,100
2,774	2,926	3,104
2,767	2,922	3,125
2,763	2,924	3,130
2,767	2,923	3,126
2,769	2,926	3,128
2,770	2,926	3,130
2,752	2,924	3,090
2,749	2,919	3,076
2,752	2,916	3,086
2,753	2,922	3,110
2,748	2,919	3,063
2,747	2,920	3,075
2,747	2,920	3,110
2,747	2,919	3,115
2,739	2,919	3,033
2,734	2,920	3,041
2,740	2,921	3,045
2,732	2,918	3,012
2,724	2,916	2,996
2,724	2,914	2,998
2,724	2,918	3,008
2,719	2,926	3,046
2,719	2,918	3,009
2,717	2,921	3,021
2,704	2,916	3,057
2,702	2,906	2,999
2,691	2,914	3,013
2,687	2,904	2,989
2,689	2,918	2,993
2,687	2,922	3,017
2,686	2,916	3,038
2,690	2,914	3,023
2,679	2,918	3,006
2,682	2,916	2,969
2,677	2,917	2,932
2,682	2,910	2,910
2,673	2,907	2,877
2,674	2,915	2,854
2,672	2,921	2,896
2,672	2,915	2,919
2,669	2,917	2,892
2,667	2,918	2,926
2,667	2,919	2,899
2,672	2,914	2,897
2,664	2,909	2,877
2,664	2,909	2,861
2,662	2,906	2,910
2,666	2,909	2,929
2,656	2,909	2,939
2,654	2,905	2,905
2,652	2,902	2,842
2,657	2,907	2,909
2,657	2,904	2,961
2,654	2,909	2,989
2,662	2,909	2,979
2,664	2,914	2,997
2,667	2,917	2,999
2,664	2,916	2,996
2,659	2,912	2,974
2,667	2,914	3,004
2,658	2,907	3,031
2,657	2,916	3,006
2,657	2,916	3,029
2,644	2,902	2,971
2,652	2,916	2,979
2,652	2,918	3,053
2,666	2,914	3,067
2,658	2,915	3,090
2,662	2,914	3,117
2,672	2,919	3,108
2,674	2,924	3,076
2,672	2,921	3,062
2,674	2,921	3,075
2,667	2,926	3,128
2,679	2,918	3,138
2,677	2,917	3,079
2,677	2,909	3,050
2,673	2,909	3,071
2,679	2,916	3,056
2,687	2,916	3,043
2,689	2,914	3,035
2,692	2,916	3,038
2,700	2,919	3,068
2,687	2,916	3,031
2,690	2,919	2,991
2,687	2,919	3,018
2,689	2,919	3,061
2,696	2,924	3,075
2,707	2,924	3,109
2,707	2,929	3,108
2,722	2,924	3,096
2,719	2,923	3,065
2,704	2,925	3,063
2,697	2,925	3,043
2,718	2,932	3,039
2,714	2,926	3,069
2,724	2,921	3,063
2,727	2,919	3,075
2,717	2,924	3,061
2,723	2,926	3,057
2,732	2,926	3,096
2,732	2,926	3,113
2,732	2,926	3,090
2,742	2,921	3,081
2,736	2,921	3,113
2,749	2,928	3,145
2,751	2,926	3,153
2,760	2,924	3,133
2,754	2,931	3,136
2,744	2,931	3,119
2,741	2,931	3,113
2,749	2,941	3,113
2,744	2,944	3,143
2,747	2,941	3,137
2,760	2,939	3,108
2,757	2,939	3,117
2,770	2,944	3,135
2,767	2,949	3,153
2,760	2,946	3,184
2,760	2,941	3,162
2,762	2,941	3,133
2,763	2,938	3,141
2,765	2,940	3,138
2,772	2,945	3,152
2,770	2,945	3,210
2,780	2,939	3,216
2,777	2,936	3,190
2,782	2,939	3,194
2,774	2,943	3,175
2,772	2,944	3,172
2,777	2,949	3,132
2,782	2,957	3,153
2,787	2,951	3,159
2,792	2,951	3,157
2,797	2,951	3,179
2,808	2,959	3,227
2,795	2,951	3,209
2,777	2,946	3,177
2,777	2,951	3,153
2,775	2,952	3,142
2,775	2,947	3,143
2,783	2,949	3,165
2,787	2,949	3,135
2,785	2,949	3,125
2,779	2,951	3,085
2,776	2,949	3,041
2,777	2,953	3,090
2,778	2,951	3,088
2,780	2,960	3,086
2,775	2,954	3,140
2,786	2,961	3,168
2,782	2,960	3,195
2,792	2,952	3,249
2,792	2,954	3,232
2,782	2,954	3,200
2,785	2,954	3,192
2,782	2,946	3,163
2,784	2,951	3,197
2,797	2,962	3,227
2,802	2,959	3,194
2,794	2,959	3,168
2,794	2,959	3,185
2,796	2,969	3,242
2,785	2,969	3,237
2,778	2,969	3,200
2,787	2,967	3,194
2,802	2,959	3,160
2,799	2,959	3,140
2,789	2,960	3,153
2,788	2,961	3,217
2,787	2,961	3,188
2,789	2,954	3,174
2,787	2,957	3,179
2,777	2,959	3,162
2,777	2,958	3,201
2,785	2,956	3,195
2,762	2,959	3,175
2,765	2,961	3,154
2,764	2,958	3,145
2,770	2,970	3,167
2,757	2,971	3,165
2,753	2,960	3,115
2,755	2,959	3,120
2,757	2,962	3,145
2,758	2,964	3,126
2,772	2,961	3,152
2,773	2,964	3,177
2,773	2,966	3,170
2,767	2,963	3,170
2,782	2,964	3,164
2,787	2,959	3,170
2,776	2,964	3,100
2,767	2,961	3,128
2,772	2,959	3,142
2,767	2,961	3,155
2,767	2,966	3,172
2,769	2,967	3,227
2,767	2,962	3,200
2,755	2,962	3,166
2,754	2,969	3,162
2,755	2,959	3,162
2,762	2,971	3,210
2,772	2,974	3,221
2,765	2,981	3,208
2,760	2,977	3,232
2,752	2,973	3,239
2,749	2,978	3,239
2,757	2,981	3,244
2,761	2,982	3,207
2,774	2,977	3,214
2,757	2,982	3,192
2,759	2,969	3,177
2,747	2,966	3,121
2,748	2,969	3,115
2,752	2,969	3,133
2,754	2,969	3,136
2,752	2,971	3,138
2,752	2,971	3,129
2,752	2,971	3,130
2,754	2,976	3,128
2,754	2,974	3,130
2,739	2,971	3,150
2,739	2,974	3,161
2,739	2,969	3,120
2,736	2,969	3,063
2,752	2,976	3,071
2,742	2,976	3,045
2,743	2,974	3,058
2,740	2,974	3,125
2,737	2,974	3,156
2,725	2,965	3,113
2,714	2,966	3,079
2,726	2,967	3,070
2,725	2,968	3,036
2,724	2,972	3,038
2,732	2,981	3,056
2,726	2,987	3,084
2,733	2,974	3,111
2,724	2,969	3,120
2,729	2,971	3,140
2,719	2,971	3,132
2,717	2,966	3,091
2,727	2,971	3,155
2,724	2,987	3,190
2,742	2,984	3,192
2,734	2,979	3,171
2,732	2,976	3,147
2,719	2,971	3,100
2,719	2,971	3,100
2,720	2,982	3,155
2,725	2,979	3,148
2,726	2,975	3,080
2,727	2,982	3,075
2,716	2,977	3,073
2,725	2,976	3,039
2,727	2,971	3,081
2,732	2,984	3,124
2,724	2,974	3,125
2,714	2,965	3,060
2,716	2,973	3,085
2,719	2,970	3,078
2,720	2,971	3,108
2,722	2,985	3,106
2,734	2,983	3,081
2,739	2,982	3,083
2,749	2,977	3,080
2,738	2,977	3,043
2,740	2,971	3,031
2,735	2,968	3,053
2,739	2,984	3,027
2,733	2,981	3,006
2,728	2,989	3,058
2,722	2,991	3,076
2,732	2,993	3,070
2,724	2,987	3,093
2,724	2,987	3,066
2,721	2,982	3,014
2,727	2,987	3,050
2,715	2,989	3,049
2,712	2,987	3,023
2,717	2,987	3,040
2,717	2,987	3,083
2,732	2,989	3,084
2,731	2,991	3,100
2,744	2,989	3,110
2,750	2,987	3,088
2,752	2,994	3,125
2,755	2,990	3,130
2,748	2,997	3,128
2,732	2,988	3,102
2,732	2,990	3,093
2,732	2,988	3,098
2,734	2,993	3,131
2,731	2,994	3,167
2,727	2,994	3,182
2,720	2,992	3,165
2,715	2,997	3,212
2,699	2,989	3,186
2,702	2,992	3,167
2,709	2,999	3,187
2,705	2,995	3,157
2,707	2,994	3,179
2,710	2,988	3,190
2,712	2,989	3,187
2,707	2,987	3,122
2,702	2,994	3,117
2,707	2,992	3,147
2,700	2,992	3,088
2,694	2,989	3,083
2,704	2,996	3,077
2,704	2,992	3,123
2,697	2,992	3,127
2,705	2,987	3,135
2,697	2,996	3,088
2,699	2,986	3,058
2,697	2,981	3,044
2,694	2,989	3,034
2,695	2,988	3,018
2,689	2,976	3,016
2,679	2,974	3,011
2,677	2,977	2,978
2,684	2,975	2,987
2,682	2,974	3,008
2,682	2,977	3,048
2,688	2,977	3,095
2,687	2,972	3,070
2,682	2,971	3,068
2,679	2,979	3,055
2,681	2,981	3,031
2,693	2,984	3,061
2,685	2,982	3,090
2,687	2,979	3,073
2,687	2,984	3,086
2,699	2,984	3,138
2,703	2,987	3,171
2,710	2,990	3,180
2,703	2,989	3,207
2,695	2,984	3,232
2,687	2,971	3,189
2,677	2,972	3,126
2,682	2,972	3,122
2,678	2,973	3,082
2,679	2,980	3,066
2,692	2,986	3,073
2,692	2,984	3,030
2,694	2,993	3,048
2,690	2,988	3,056
2,709	2,987	3,091
2,712	2,986	3,134
2,709	2,982	3,133
2,712	2,974	3,093
2,714	2,979	3,098
2,722	2,974	3,076
2,720	2,971	3,047
2,725	2,971	3,088
2,735	2,979	3,138
2,722	2,986	3,148
2,724	2,976	3,071
2,723	2,981	3,013
2,734	2,971	2,993
2,732	2,971	3,006
2,737	2,971	3,024
2,752	2,976	3,014
2,754	2,972	2,994
2,752	2,971	2,977
2,737	2,971	2,993
2,737	2,972	3,034
2,742	2,969	3,023
2,739	2,979	3,014
2,737	2,974	3,021
2,740	2,967	2,991
2,742	2,974	3,004
2,752	2,973	2,969
2,742	2,970	2,996
2,742	2,983	3,009
2,750	2,973	3,029
2,754	2,980	3,034
2,758	2,986	3,038
2,762	2,989	3,033
2,765	2,988	3,040
2,748	2,979	2,991
2,755	2,981	3,006
2,751	2,979	3,012
2,750	2,980	3,011
2,754	2,987	3,031
2,762	2,993	3,095
2,767	2,991	3,086
2,762	2,987	3,013
2,747	2,976	3,006
2,754	2,979	3,027
2,752	2,988	3,046
2,750	2,987	3,079
2,743	2,981	3,036
2,747	2,979	3,068
2,745	2,974	3,034
2,742	2,971	3,048
2,724	2,979	3,071
2,731	2,973	3,028
2,729	2,973	2,962
2,721	2,979	2,962
2,727	2,972	3,012
2,727	2,974	3,076
2,717	2,977	3,065
2,724	2,980	3,034
2,726	2,985	2,996
2,732	2,976	3,045
2,722	2,981	3,070
2,714	2,982	3,048
2,732	2,984	3,060
2,726	2,979	3,025
2,719	2,971	2,987
2,707	2,961	2,989
2,712	2,973	3,028
2,702	2,971	3,001
2,709	2,971	3,019
2,714	2,966	2,987
2,705	2,962	2,909
2,697	2,971	2,932
2,694	2,972	3,019
2,697	2,974	3,076
2,696	2,974	3,046
2,700	2,972	3,004
2,704	2,974	3,019
2,705	2,969	2,999
2,702	2,971	2,995
2,682	2,972	3,008
2,688	2,971	2,989
2,687	2,971	2,979
2,687	2,972	2,990
2,685	2,968	2,952
2,687	2,964	2,954
2,694	2,963	2,976
2,687	2,972	2,949
2,681	2,971	2,962
2,677	2,969	2,989
2,674	2,971	3,018
2,679	2,971	3,037
2,686	2,979	3,070
2,680	2,964	3,042
2,669	2,963	2,984
2,672	2,963	2,984
2,674	2,971	3,014
2,679	2,976	3,054
2,676	2,971	2,989
2,669	2,971	2,946
2,678	2,972	2,974
2,672	2,964	2,952
2,666	2,969	2,943
2,669	2,971	3,009
2,667	2,974	3,011
2,678	2,971	3,058
2,677	2,969	3,078
2,685	2,959	3,069
2,685	2,964	3,093
2,677	2,970	3,063
2,674	2,971	3,029
2,674	2,965	3,075
2,674	2,970	3,019
2,682	2,968	3,016
2,679	2,969	3,083
2,674	2,969	3,065
2,674	2,964	3,018
2,680	2,966	3,034
2,685	2,964	3,026
2,682	2,969	3,009
2,692	2,971	2,988
2,699	2,960	2,994
2,698	2,964	3,018
2,704	2,959	2,962
2,697	2,959	2,976
2,704	2,961	2,989
2,722	2,966	2,986
2,726	2,959	2,996
2,722	2,959	3,021
2,714	2,954	3,029
2,699	2,959	3,014
2,692	2,957	3,026
2,707	2,959	3,036
2,704	2,971	3,021
2,710	2,973	3,008
2,725	2,966	2,972
2,717	2,964	2,937
2,725	2,961	2,901
2,712	2,960	2,927
2,729	2,965	2,981
2,724	2,964	3,010
2,735	2,970	2,989
2,739	2,954	2,963
2,732	2,962	2,971
2,728	2,962	2,969
2,747	2,967	2,989
2,744	2,971	3,048
2,747	2,969	3,073
2,745	2,968	3,028
2,750	2,959	2,973
2,759	2,959	2,989
2,754	2,954	2,996
2,749	2,957	2,992
2,745	2,959	3,032
2,740	2,959	3,065
2,747	2,959	3,073
2,748	2,962	3,055
2,749	2,956	3,041
2,760	2,959	3,070
2,757	2,959	3,100
2,752	2,959	3,140
2,755	2,956	3,147
2,744	2,950	3,090
2,741	2,957	3,047
2,748	2,953	3,063
2,752	2,948	3,110
2,762	2,952	3,148
2,766	2,949	3,160
2,773	2,957	3,168
2,772	2,959	3,158
2,763	2,959	3,138
2,765	2,954	3,140
2,767	2,954	3,151
2,754	2,962	3,158
2,765	2,959	3,133
2,768	2,956	3,078
2,765	2,959	3,120
2,759	2,961	3,187
2,759	2,954	3,205
2,770	2,959	3,215
2,768	2,954	3,170
2,757	2,959	3,143
2,744	2,954	3,131
2,744	2,952	3,142
2,737	2,946	3,130
2,717	2,944	3,147
2,722	2,946	3,092
2,732	2,944	3,096
2,719	2,946	3,136
2,719	2,947	3,101
2,715	2,954	3,046
2,712	2,942	2,995
2,707	2,938	2,973
2,710	2,946	3,028
2,699	2,940	3,017
2,697	2,946	3,016
2,686	2,944	3,000
2,689	2,941	2,971
2,692	2,943	2,966
2,693	2,932	2,949
2,692	2,936	2,936
2,687	2,931	2,899
2,678	2,931	2,916
2,677	2,936	2,949
2,681	2,931	2,959
2,677	2,932	2,928
2,671	2,929	2,912
2,669	2,923	2,902
2,666	2,929	2,907
2,678	2,931	2,914
2,667	2,932	2,924
2,674	2,934	2,952
2,666	2,929	2,902
2,667	2,932	2,894
2,670	2,932	2,923
2,667	2,931	2,925
2,670	2,934	3,004
2,672	2,934	3,023
2,662	2,933	3,014
2,662	2,932	2,984
2,664	2,936	2,989
2,669	2,932	3,025
2,659	2,929	3,013
2,664	2,927	2,984
2,667	2,934	3,037
2,663	2,934	3,019
2,671	2,926	3,031
2,682	2,931	3,043
2,687	2,931	3,013
2,687	2,934	3,051
2,679	2,928	3,070
2,678	2,933	3,086
2,674	2,934	3,083
2,685	2,936	3,063
2,695	2,933	3,086
2,704	2,936	3,100
2,709	2,934	3,115
2,715	2,934	3,096
2,718	2,934	3,062
2,732	2,934	3,053
2,725	2,934	3,047
2,732	2,933	3,059
2,721	2,934	3,085
2,723	2,929	3,101
2,719	2,937	3,086
2,718	2,936	3,088
2,717	2,936	3,060
2,729	2,933	3,037
2,733	2,931	2,986
2,742	2,926	2,988
2,745	2,929	2,993
2,752	2,929	3,009
2,754	2,930	3,064
2,744	2,927	3,058
2,740	2,929	3,036
2,736	2,931	3,026
2,742	2,939	3,054
2,750	2,929	3,080
2,757	2,935	3,063
2,757	2,934	3,023
2,764	2,933	3,018
2,770	2,931	3,042
2,765	2,938	3,014
2,772	2,944	2,989
2,754	2,944	2,994
2,751	2,942	3,024
2,762	2,936	3,029
2,776	2,941	2,996
2,770	2,944	3,005
2,762	2,932	3,031
2,762	2,933	3,046
2,772	2,931	3,075
2,774	2,926	3,108
2,764	2,940	3,128
2,772	2,933	3,086
2,775	2,930	3,096
2,775	2,937	3,111
2,773	2,931	3,100
2,774	2,932	3,075
2,772	2,934	3,085
2,769	2,934	3,074
2,757	2,939	3,097
2,749	2,944	3,142
2,764	2,944	3,157
2,758	2,939	3,151
2,753	2,939	3,156
2,752	2,936	3,142
2,752	2,938	3,125
2,737	2,936	3,100
2,743	2,934	3,090
2,744	2,936	3,082
2,735	2,931	3,100
2,729	2,937	3,061
2,719	2,932	3,056
2,723	2,931	3,074
2,722	2,926	3,058
2,720	2,929	3,050
2,707	2,924	3,014
2,704	2,924	2,998
2,702	2,921	2,990
2,694	2,916	2,993
2,687	2,913	2,949
2,692	2,922	2,961
2,705	2,926	2,999
2,707	2,920	2,976
2,704	2,917	2,919
2,691	2,919	2,891
2,689	2,921	2,952
2,697	2,919	2,952
2,684	2,919	2,947
2,687	2,919	2,939
2,674	2,919	2,941
2,672	2,911	2,886
2,669	2,916	2,888
2,667	2,916	2,932
2,674	2,919	2,926
2,682	2,919	2,926
2,674	2,911	2,889
2,683	2,919	2,926
2,669	2,914	2,910
2,672	2,909	2,880
2,677	2,910	2,863
2,679	2,914	2,869
2,674	2,913	2,897
2,671	2,916	2,896
2,677	2,919	2,912
2,669	2,919	2,881
2,674	2,924	2,919
2,670	2,907	2,908
2,667	2,913	2,884
2,666	2,915	2,907
2,672	2,915	2,899
2,667	2,917	2,919
2,679	2,926	2,931
2,694	2,924	2,978
2,703	2,925	2,999
2,694	2,924	3,006
2,687	2,924	3,010
2,679	2,926	2,981
2,677	2,921	3,018
2,687	2,931	3,039
2,687	2,926	3,063
2,700	2,931	3,020
2,702	2,938	3,021
2,705	2,929	3,051
2,697	2,929	3,040
2,697	2,929	3,074
2,695	2,926	3,116
2,702	2,924	3,130
2,709	2,919	3,075
2,712	2,924	3,056
2,708	2,928	3,063
2,713	2,923	3,056
2,712	2,929	3,048
2,719	2,931	3,045
2,719	2,932	3,051
2,722	2,918	3,076
2,728	2,924	3,083
2,720	2,927	3,068
2,717	2,931	3,071
2,719	2,917	3,089
2,724	2,932	3,058
2,732	2,931	3,026
2,732	2,932	3,013
2,743	2,931	3,009
2,737	2,932	3,043
2,747	2,926	3,029
2,747	2,924	3,021
2,749	2,926	3,014
2,751	2,923	3,024
2,747	2,926	3,019
2,752	2,926	3,056
2,749	2,921	3,110
2,747	2,931	3,138
2,754	2,931	3,106
2,765	2,936	3,058
2,750	2,932	3,048
2,745	2,925	3,060
2,749	2,921	3,058
2,754	2,929	3,043
2,762	2,931	3,048
2,771	2,934	3,088
2,775	2,936	3,113
2,770	2,934	3,083
2,772	2,931	3,069
2,774	2,932	3,068
2,788	2,931	3,058
2,782	2,933	3,130
2,780	2,933	3,122
2,775	2,924	3,124
2,770	2,920	3,138
2,765	2,930	3,152
2,765	2,931	3,153
2,770	2,931	3,180
2,772	2,929	3,181
2,760	2,929	3,155
2,754	2,929	3,162
2,752	2,931	3,209
2,750	2,923	3,167
2,747	2,929	3,167
2,744	2,926	3,138
2,742	2,929	3,119
2,753	2,931	3,128
2,745	2,931	3,165
2,739	2,931	3,143
2,733	2,919	3,113
2,732	2,921	3,120
2,730	2,917	3,073
2,727	2,912	3,038
2,722	2,916	3,019
2,712	2,912	3,021
2,712	2,906	3,029
2,709	2,911	3,042
2,717	2,915	3,051
2,719	2,911	3,048
2,716	2,915	2,988
2,717	2,919	3,016
2,709	2,917	2,976
2,712	2,911	3,014
2,714	2,915	3,053
2,705	2,912	3,038
2,707	2,916	3,009
2,701	2,914	2,991
2,697	2,912	2,964
2,694	2,919	3,002
2,689	2,907	2,987
2,697	2,910	2,969
2,688	2,907	2,932
2,695	2,906	2,963
2,687	2,907	3,013
2,674	2,899	3,009
2,686	2,904	3,058
2,689	2,907	3,069
2,694	2,909	3,084
2,697	2,912	3,036
2,687	2,904	2,979
2,682	2,906	2,998
2,675	2,907	3,038
2,672	2,914	3,087
2,687	2,909	3,123
2,684	2,902	3,098
2,687	2,912	3,097
2,683	2,905	3,050
2,674	2,905	3,021
2,688	2,909	3,063
2,695	2,913	3,112
2,697	2,917	3,122
2,700	2,912	3,130
2,701	2,909	3,172
2,688	2,916	3,148
2,682	2,919	3,096
2,687	2,914	3,070
2,682	2,927	3,108
2,687	2,932	3,100
2,687	2,931	3,115
2,689	2,931	3,147
2,687	2,919	3,167
2,702	2,919	3,187
2,687	2,919	3,142
2,682	2,919	3,128
2,694	2,919	3,133
2,697	2,920	3,155
2,695	2,921	3,160
2,687	2,919	3,108
2,695	2,926	3,092
2,710	2,932	3,116
2,705	2,924	3,147
2,699	2,919	3,147
2,705	2,920	3,125
2,704	2,916	3,125
2,704	2,927	3,140
2,700	2,924	3,163
2,699	2,929	3,163
2,696	2,933	3,155
2,707	2,927	3,129
2,707	2,924	3,152
2,712	2,931	3,172
2,722	2,926	3,145
2,721	2,929	3,118
2,722	2,929	3,159
2,722	2,931	3,128
2,707	2,924	3,061
2,704	2,930	3,073
2,700	2,931	3,100
2,702	2,931	3,121
2,722	2,931	3,120
2,714	2,931	3,162
2,712	2,931	3,110
2,709	2,921	3,079
2,710	2,930	3,093
2,712	2,931	3,083
2,708	2,931	3,090
2,704	2,934	3,137
2,707	2,934	3,119
2,706	2,934	3,098
2,711	2,943	3,100
2,709	2,942	3,113
2,710	2,943	3,112
2,714	2,942	3,133
2,710	2,943	3,129
2,708	2,939	3,132
2,709	2,938	3,108
2,703	2,939	3,105
2,719	2,942	3,138
2,714	2,941	3,145
2,710	2,937	3,185
2,709	2,934	3,175
2,713	2,931	3,136
2,719	2,929	3,106
2,714	2,944	3,135
2,724	2,956	3,180
2,726	2,946	3,171
2,715	2,944	3,116
2,707	2,946	3,101
2,710	2,943	3,103
2,722	2,954	3,093
2,734	2,959	3,121
2,736	2,957	3,125
2,742	2,957	3,164
2,752	2,956	3,205
2,752	2,949	3,239
2,760	2,954	3,230
2,752	2,959	3,196
2,747	2,962	3,199
2,751	2,958	3,142
2,754	2,962	3,139
2,752	2,958	3,131
2,760	2,961	3,153
2,752	2,958	3,158
2,762	2,960	3,162
2,760	2,953	3,131
2,753	2,962	3,128
2,757	2,962	3,177
2,757	2,962	3,229
2,751	2,956	3,264
2,752	2,954	3,206
2,753	2,959	3,145
2,760	2,959	3,145
2,754	2,963	3,188
2,765	2,969	3,200
2,770	2,966	3,176
2,774	2,959	3,130
2,767	2,956	3,122
2,765	2,969	3,108
2,757	2,960	3,050
2,752	2,974	3,106
2,764	2,971	3,147
2,767	2,979	3,199
2,762	2,969	3,185
2,770	2,962	3,189
2,785	2,959	3,135
2,769	2,960	3,053
2,769	2,965	3,038
2,781	2,972	3,048
2,780	2,969	3,073
2,777	2,961	3,108
2,770	2,965	3,083
2,772	2,966	3,046
2,775	2,962	3,079
2,792	2,971	3,108
2,789	2,968	3,110
2,780	2,966	3,108
2,775	2,964	3,152
2,768	2,966	3,098
2,772	2,964	3,096
2,777	2,970	3,155
2,779	2,976	3,182
2,787	2,974	3,189
2,774	2,974	3,156
2,774	2,971	3,164
2,765	2,972	3,147
2,765	2,974	3,168
2,767	2,972	3,172
2,770	2,971	3,198
2,757	2,971	3,222
2,761	2,969	3,214
2,754	2,971	3,207
2,752	2,969	3,212
2,752	2,971	3,205
2,757	2,964	3,155
2,745	2,973	3,187
2,744	2,975	3,202
2,747	2,973	3,184
2,750	2,977	3,133
2,737	2,971	3,084
2,731	2,962	3,046
2,734	2,964	3,068
2,733	2,971	3,105
2,735	2,972	3,140
2,739	2,964	3,155
2,729	2,967	3,162
2,734	2,964	3,101
2,726	2,954	3,051
2,717	2,958	3,053
2,712	2,966	3,058
2,722	2,968	3,046
2,729	2,969	3,023
2,719	2,962	3,068
2,724	2,961	3,070
2,722	2,967	3,076
2,712	2,959	3,090
2,709	2,964	3,100
2,707	2,961	3,051
2,702	2,967	3,073
2,703	2,971	3,105
2,700	2,962	3,111
2,692	2,959	3,043
2,689	2,956	3,004
2,704	2,961	3,033
2,702	2,962	3,004
2,704	2,953	3,029
2,699	2,955	3,016
2,689	2,955	3,080
2,692	2,958	3,120
2,688	2,960	3,105
2,682	2,957	3,057
2,687	2,959	3,078
2,689	2,959	3,045
2,692	2,959	3,123
2,694	2,959	3,147
2,699	2,964	3,129
2,702	2,958	3,142
2,697	2,962	3,115
2,699	2,966	3,167
2,702	2,966	3,188
2,714	2,967	3,138
2,712	2,964	3,162
2,712	2,969	3,128
2,710	2,962	3,128
2,704	2,967	3,154
2,704	2,969	3,135
2,692	2,971	3,138
2,697	2,972	3,091
2,709	2,974	3,135
2,710	2,971	3,162
2,707	2,966	3,111
2,702	2,971	3,113
2,709	2,980	3,115
2,716	2,977	3,136
2,709	2,979	3,136
2,702	2,972	3,088
2,702	2,977	3,038
2,714	2,979	3,076
2,713	2,976	3,122
2,712	2,976	3,147
2,718	2,971	3,110
2,719	2,982	3,073
2,719	2,971	3,083
2,714	2,974	3,108
2,709	2,977	3,125
2,721	2,979	3,093
2,725	2,987	3,125
2,727	2,976	3,091
2,732	2,981	3,065
2,721	2,972	3,056
2,723	2,972	3,019
2,724	2,972	3,026
2,732	2,976	3,071
2,732	2,971	3,108
2,727	2,969	3,132
2,728	2,971	3,130
2,739	2,982	3,093
2,743	2,984	3,056
2,745	2,976	3,050
2,734	2,969	3,100
2,724	2,969	3,123
2,729	2,963	3,088
2,733	2,970	3,077
2,724	2,972	3,040
2,727	2,973	3,043
2,729	2,977	3,070
2,724	2,977	3,097
2,725	2,977	3,120
2,719	2,979	3,140
2,712	2,977	3,152
2,714	2,974	3,105
2,712	2,969	3,018
2,703	2,966	3,011
2,702	2,961	3,040
2,690	2,971	3,106
2,695	2,964	3,128
2,699	2,971	3,164
2,689	2,968	3,172
2,687	2,964	3,113
2,686	2,967	3,088
2,684	2,969	3,088
2,672	2,962	3,061
2,682	2,959	3,019
2,679	2,962	3,028
2,667	2,959	3,023
2,667	2,951	3,025
2,659	2,954	3,038
2,659	2,953	3,006
2,652	2,941	2,979
2,654	2,943	2,987
2,652	2,953	3,016
2,661	2,943	3,029
2,659	2,947	3,038
2,662	2,944	2,993
2,659	2,946	2,990
2,646	2,941	2,977
2,639	2,939	2,932
2,637	2,944	2,899
2,648	2,946	2,941
2,650	2,944	2,967
2,650	2,941	2,937
2,641	2,938	2,892
2,644	2,937	2,892
2,639	2,934	2,892
2,643	2,938	2,944
2,652	2,941	2,989
2,659	2,949	3,021
2,654	2,938	3,029
2,646	2,937	2,987
2,640	2,941	2,989
2,632	2,939	2,972
2,642	2,941	2,996
2,637	2,939	3,016
2,633	2,931	3,021
2,622	2,928	3,009
2,630	2,918	3,013
2,627	2,922	2,996
2,617	2,938	2,974
2,620	2,937	3,022
2,622	2,933	3,033
2,635	2,932	3,096
2,635	2,935	3,103
2,625	2,936	3,103
2,622	2,941	3,107
2,627	2,944	3,133
2,643	2,938	3,162
2,642	2,941	3,108
2,637	2,931	3,036
2,642	2,938	3,043
2,642	2,934	3,098
2,652	2,926	3,083
2,657	2,931	3,091
2,657	2,929	3,070
2,647	2,938	3,076
2,664	2,931	3,085
2,660	2,934	3,071
2,659	2,932	3,088
2,666	2,926	3,101
2,672	2,934	3,136
2,664	2,944	3,154
2,659	2,939	3,130
2,666	2,931	3,119
2,678	2,940	3,111
2,672	2,938	3,123
2,666	2,944	3,122
2,662	2,938	3,138
2,642	2,937	3,065
2,660	2,943	3,123
2,667	2,941	3,138
2,665	2,935	3,101
2,672	2,939	3,117
2,672	2,939	3,113
2,681	2,932	3,078
2,685	2,948	3,103
2,679	2,944	3,105
2,677	2,946	3,121
2,672	2,946	3,091
2,684	2,946	3,100
2,683	2,944	3,122
2,696	2,938	3,088
2,702	2,944	3,113
2,702	2,941	3,105
2,704	2,938	3,116
2,709	2,941	3,153
2,705	2,944	3,145
2,704	2,943	3,112
2,700	2,943	3,115
2,694	2,941	3,115
2,692	2,944	3,162
2,702	2,952	3,167
2,705	2,945	3,145
2,702	2,938	3,110
2,694	2,951	3,110
2,694	2,945	3,115
2,687	2,942	3,123
2,687	2,948	3,145
2,683	2,943	3,136
2,682	2,944	3,145
2,677	2,944	3,103
2,682	2,949	3,155
2,680	2,944	3,111
2,683	2,944	3,123
2,679	2,944	3,156
2,685	2,941	3,148
2,692	2,954	3,151
2,689	2,954	3,148
2,697	2,951	3,110
2,689	2,951	3,120
2,688	2,946	3,158
2,690	2,949	3,192
2,684	2,946	3,135
2,677	2,956	3,095
2,674	2,954	3,120
2,676	2,947	3,102
2,684	2,949	3,108
2,674	2,946	3,094
2,674	2,946	3,118
2,674	2,944	3,111
2,663	2,938	3,129
2,677	2,946	3,157
2,693	2,939	3,182
2,690	2,947	3,192
2,682	2,954	3,123
2,689	2,954	3,124
2,684	2,950	3,145
2,681	2,954	3,133
2,682	2,947	3,158
2,677	2,947	3,145
2,682	2,951	3,132
2,692	2,956	3,141
2,681	2,949	3,160
2,684	2,949	3,150
2,684	2,944	3,186
2,686	2,948	3,192
2,697	2,947	3,157
2,699	2,954	3,188
2,697	2,957	3,198
2,701	2,949	3,199
2,704	2,957	3,169
2,709	2,954	3,152
2,702	2,950	3,163
2,704	2,957	3,150
2,710	2,954	3,148
2,714	2,957	3,155
2,712	2,954	3,158
2,709	2,957	3,155
2,702	2,959	3,142
2,705	2,957	3,120
2,709	2,961	3,093
2,714	2,958	3,123
2,720	2,963	3,173
2,724	2,960	3,163
2,710	2,958	3,105
2,702	2,967	3,110
2,705	2,971	3,113
2,704	2,969	3,140
2,702	2,968	3,180
2,709	2,964	3,185
2,694	2,957	3,088
2,697	2,958	3,021
2,689	2,964	3,070
2,690	2,961	3,098
2,707	2,971	3,135
2,707	2,966	3,153
2,702	2,959	3,108
2,687	2,959	3,105
2,696	2,969	3,115
2,700	2,974	3,135
2,710	2,971	3,138
2,710	2,969	3,112
2,714	2,966	3,099
2,711	2,976	3,033
2,719	2,979	3,046
2,720	2,979	3,051
2,717	2,974	3,052
2,724	2,977	3,085
2,724	2,970	3,144
2,732	2,985	3,123
2,732	2,988	3,133
2,735	2,985	3,203
2,739	2,981	3,187
2,724	2,983	3,202
2,719	2,977	3,182
2,724	2,972	3,139
2,734	2,977	3,100
2,734	2,987	3,138
2,744	2,979	3,162
2,744	2,971	3,143
2,742	2,971	3,091
2,742	2,974	3,115
2,735	2,979	3,120
2,744	2,986	3,148
2,740	2,982	3,145
2,747	2,984	3,144
2,762	2,979	3,165
2,765	2,971	3,160
2,763	2,982	3,162
2,762	2,977	3,121
2,767	2,979	3,075
2,769	2,982	3,043
2,766	2,976	3,014
2,765	2,987	3,001
2,767	2,989	3,096
2,772	2,987	3,131
2,767	2,978	3,144
2,761	2,984	3,088
2,752	2,988	3,040
2,752	2,998	3,080
2,757	3,000	3,073
2,764	3,003	3,053
2,775	2,997	3,016
2,777	3,000	3,049
2,770	2,994	3,078
2,769	2,989	3,076
2,765	2,989	3,120
2,767	2,981	3,130
2,769	2,987	3,062
2,777	2,979	3,038
2,775	2,978	3,078
2,773	2,986	3,086
2,775	2,987	3,120
2,780	2,987	3,114
2,782	2,986	3,088
2,777	2,986	3,063
2,789	2,981	3,116
2,787	2,987	3,138
2,787	2,987	3,129
2,780	2,992	3,145
2,787	2,988	3,105
2,786	2,994	3,123
2,787	2,987	3,105
2,782	2,991	3,138
2,777	2,994	3,145
2,787	2,995	3,111
2,778	2,991	3,088
2,774	2,999	3,143
2,773	2,998	3,140
2,765	2,991	3,075
2,765	2,992	3,083
2,776	2,998	3,125
2,775	2,992	3,138
2,777	2,991	3,113
2,773	2,987	3,113
2,770	2,993	3,120
2,775	2,989	3,159
2,784	2,994	3,153
2,801	2,987	3,118
2,789	2,991	3,108
2,782	2,992	3,103
2,777	2,997	3,111
2,777	2,994	3,100
2,778	2,989	3,080
2,782	2,994	3,090
2,780	2,999	3,116
2,775	2,987	3,095
2,775	2,987	3,090
2,772	2,996	3,103
2,782	2,991	3,084
2,793	2,996	3,082
2,789	2,987	3,091
2,775	2,989	3,101
2,775	2,979	3,065
2,777	2,988	3,016
2,776	3,000	3,071
2,785	2,997	3,108
2,790	2,993	3,122
2,787	2,993	3,103
2,792	2,989	3,123
2,796	2,989	3,062
2,800	2,994	3,009
2,798	2,996	2,996
2,802	2,994	3,013
2,802	2,996	3,038
2,802	2,996	3,039
2,805	3,006	3,040
2,803	3,004	3,021
2,805	3,011	3,051
2,805	3,004	3,098
2,794	3,001	3,076
2,797	3,001	3,108
2,808	3,007	3,158
2,802	3,004	3,153
2,807	3,007	3,151
2,802	3,009	3,170
2,797	2,994	3,183
2,787	2,999	3,123
2,780	3,001	3,091
2,793	3,007	3,125
2,785	3,012	3,162
2,792	3,007	3,167
2,789	2,996	3,133
2,777	3,010	3,157
2,779	3,001	3,136
2,782	2,999	3,115
2,795	3,000	3,115
2,794	3,004	3,110
2,795	3,010	3,158
2,793	3,004	3,164
2,800	3,009	3,159
2,797	3,013	3,152
2,802	3,013	3,113
2,794	3,017	3,085
2,792	3,001	3,112
2,797	3,003	3,153
2,813	3,012	3,177
2,817	3,006	3,191
2,802	3,008	3,195
2,795	3,009	3,204
2,794	3,011	3,192
2,798	3,013	3,205
2,807	3,014	3,227
2,816	3,019	3,215
2,807	3,019	3,152
2,810	3,023	3,128
2,796	3,024	3,083
2,795	3,021	3,097
2,795	3,016	3,100
2,792	3,016	3,088
2,792	3,022	3,128
2,790	3,014	3,125
2,777	3,013	3,129
2,773	3,020	3,162
2,775	3,018	3,189
2,777	3,027	3,185
2,787	3,029	3,167
2,797	3,035	3,123
2,796	3,031	3,113
2,787	3,028	3,103
2,795	3,026	3,153
2,787	3,029	3,215
2,792	3,029	3,222
2,786	3,031	3,217
2,790	3,025	3,215
2,791	3,026	3,197
2,802	3,036	3,179
2,817	3,041	3,192
2,815	3,036	3,216
2,807	3,039	3,210
2,801	3,031	3,225
2,789	3,039	3,264
2,787	3,037	3,289
2,795	3,039	3,296
2,794	3,034	3,265
2,801	3,026	3,227
2,794	3,029	3,215
2,785	3,029	3,188
2,785	3,024	3,224
2,794	3,040	3,244
2,792	3,035	3,201
2,787	3,025	3,200
2,786	3,030	3,142
2,783	3,036	3,126
2,775	3,037	3,107
2,775	3,035	3,133
2,771	3,034	3,123
2,776	3,035	3,088
2,777	3,031	3,108
2,775	3,026	3,105
2,782	3,032	3,153
2,787	3,039	3,165
2,788	3,037	3,167
2,794	3,026	3,161
2,788	3,024	3,114
2,789	3,019	3,096
2,792	3,021	3,122
2,802	3,031	3,153
2,802	3,026	3,160
2,806	3,032	3,109
2,812	3,029	3,073
2,815	3,029	3,078
2,797	3,026	3,086
2,794	3,029	3,055
2,803	3,029	3,023
2,797	3,027	3,018
2,800	3,021	2,996
2,800	3,025	3,006
2,800	3,042	3,051
2,806	3,036	3,070
2,805	3,032	3,080
2,797	3,032	3,048
2,802	3,037	3,063
2,805	3,037	3,047
2,799	3,039	3,045
2,789	3,037	3,018
2,793	3,026	3,031
2,794	3,027	3,093
2,789	3,026	3,145
2,785	3,026	3,083
2,789	3,033	3,050
2,792	3,032	3,061
2,794	3,041	3,115
2,802	3,038	3,143
2,799	3,034	3,143
2,802	3,036	3,187
2,799	3,029	3,167
2,794	3,027	3,110
2,781	3,021	3,041
2,782	3,027	3,059
2,780	3,021	3,078
2,777	3,026	3,125
2,774	3,024	3,180
2,774	3,026	3,187
2,767	3,016	3,148
2,775	3,028	3,088
2,785	3,020	3,150
2,777	3,021	3,198
2,754	3,024	3,169
2,759	3,021	3,170
2,759	3,027	3,183
2,770	3,027	3,198
2,772	3,023	3,170
2,775	3,021	3,171
2,767	3,021	3,135
2,761	3,018	3,125
2,765	3,009	3,087
2,752	3,009	3,040
2,757	3,018	2,976
2,762	3,016	2,904
2,765	3,019	2,936
2,772	3,026	2,975
2,772	3,026	3,048
2,765	3,019	3,083
2,765	3,018	3,070
2,759	3,016	3,091
2,762	3,024	3,105
2,752	3,021	3,083
2,758	3,024	3,100
2,767	3,024	3,133
2,767	3,027	3,122
2,771	3,016	3,135
2,776	3,017	3,132
2,772	3,011	3,128
2,767	3,023	3,117
2,775	3,022	3,135
2,780	3,022	3,183
2,781	3,028	3,187
2,777	3,025	3,182
2,785	3,022	3,132
2,785	3,020	3,116
2,785	3,024	3,095
2,780	3,021	3,068
2,792	3,026	3,078
2,796	3,016	3,176
2,794	3,021	3,182
2,789	3,026	3,158
2,795	3,026	3,118
2,792	3,026	3,080
2,803	3,026	3,115
2,807	3,019	3,105
2,813	3,018	3,122
2,812	3,028	3,135
2,807	3,021	3,109
2,807	3,020	3,099
2,817	3,016	3,120
2,816	3,013	3,140
2,813	3,021	3,143
2,805	3,016	3,133
2,805	3,016	3,103
2,810	3,023	3,099
2,817	3,021	3,090
2,817	3,015	3,108
2,813	3,024	3,149
2,815	3,023	3,138
2,812	3,019	3,103
2,813	3,015	3,091
2,817	3,019	3,113
2,817	3,015	3,117
2,825	3,014	3,132
2,827	3,016	3,170
2,837	3,024	3,165
2,837	3,019	3,135
2,836	3,024	3,140
2,837	3,026	3,184
2,840	3,024	3,212
2,840	3,018	3,202
2,834	3,021	3,218
2,830	3,018	3,252
2,825	3,013	3,234
2,823	3,016	3,208
2,825	3,019	3,212
2,825	3,016	3,234
2,825	3,017	3,252
2,827	3,019	3,264
2,825	3,024	3,279
2,817	3,014	3,287
2,808	3,016	3,285
2,815	3,016	3,262
2,817	3,022	3,244
2,815	3,016	3,249
2,822	3,016	3,256
2,820	3,018	3,239
2,805	3,010	3,197
2,800	3,011	3,197
2,807	3,014	3,225
2,794	3,009	3,203
2,792	3,012	3,191
2,787	3,007	3,202
2,787	3,009	3,187
2,780	3,004	3,164
2,767	3,001	3,153
2,769	3,001	3,145
2,770	3,006	3,120
2,764	3,000	3,142
2,760	2,999	3,097
2,762	2,999	3,073
2,756	2,996	3,053
2,754	2,994	3,019
2,747	2,996	2,994
2,742	2,996	3,022
2,739	2,995	3,016
2,746	2,996	2,984
2,735	2,994	2,969
2,735	2,991	2,995
2,742	2,987	2,997
2,737	2,988	2,996
2,739	2,986	2,979
2,742	2,980	3,001
2,749	2,997	3,061
2,747	2,992	3,070
2,747	2,985	3,031
2,737	2,990	3,031
2,733	2,986	3,043
2,736	3,002	3,026
2,737	3,000	3,053
2,750	2,999	3,051
2,735	2,994	3,004
2,732	2,999	3,014
2,729	2,994	3,037
2,719	2,999	3,086
2,733	2,998	3,098
2,754	3,008	3,117
2,752	3,001	3,136
2,750	2,994	3,125
2,752	2,994	3,127
2,750	2,996	3,142
2,734	2,989	3,085
2,732	2,989	3,055
2,732	2,999	3,041
2,742	3,012	3,090
2,755	3,009	3,076
2,752	3,014	3,080
2,760	3,011	3,125
2,755	2,994	3,113
2,745	2,991	3,093
2,750	2,996	3,026
2,749	2,999	3,034
2,760	3,009	3,086
2,760	3,008	3,110
2,765	3,002	3,090
2,762	2,997	3,066
2,769	2,999	3,054
2,771	3,007	3,040
2,767	3,006	3,040
2,772	3,006	3,086
2,774	3,001	3,061
2,777	2,999	3,048
2,770	2,999	3,031
2,770	2,989	3,008
2,776	2,996	3,034
2,794	2,999	3,064
2,789	3,001	3,070
2,782	3,006	3,112
2,789	3,004	3,150
2,789	3,002	3,125
2,795	3,001	3,057
2,785	2,999	3,036
2,792	3,001	3,027
2,787	3,001	3,051
2,792	2,999	3,076
2,777	3,001	3,075
2,788	2,999	3,098
2,795	2,999	3,138
2,794	3,002	3,158
2,793	3,000	3,088
2,795	3,000	3,104
2,802	3,004	3,101
2,810	3,010	3,085
2,794	3,006	3,045
2,800	2,999	3,019
2,809	3,014	3,036
2,799	3,012	3,100
2,797	3,011	3,100
2,797	3,013	3,101
2,800	3,013	3,092
2,794	3,009	3,123
2,799	3,001	3,160
2,800	3,006	3,170
2,820	3,011	3,163
2,832	3,003	3,177
2,832	3,014	3,189
2,825	3,011	3,157
2,817	3,011	3,158
2,813	3,017	3,209
2,815	3,014	3,165
2,817	3,012	3,140
2,805	3,004	3,148
2,806	3,007	3,164
2,806	2,998	3,119
2,799	3,012	3,103
2,800	3,002	3,038
2,799	3,011	3,037
2,789	2,999	3,058
2,786	2,998	3,069
2,787	3,011	3,086
2,775	3,005	3,142
2,782	3,012	3,155
2,775	3,005	3,117
2,767	3,007	3,134
2,775	3,004	3,152
2,763	3,004	3,090
2,757	2,999	3,036
2,775	3,006	3,079
2,767	3,002	3,078
2,765	2,999	3,061
2,762	3,003	3,048
2,757	3,001	3,013
2,757	2,998	2,963
2,757	3,006	3,011
2,757	2,999	3,048
2,762	2,999	3,021
2,760	2,999	3,010
2,763	3,005	3,075
2,748	2,994	3,093
2,747	3,004	3,113
2,755	3,001	3,121
2,749	3,009	3,068
2,744	3,002	3,068
2,734	2,997	3,042
2,732	2,996	3,031
2,727	3,004	3,080
2,722	2,998	3,015
2,727	3,005	2,996
2,734	3,001	2,999
2,736	3,009	3,051
2,732	3,007	3,040
2,737	3,005	3,024
2,732	2,999	3,001
2,729	2,999	2,983
2,731	2,999	2,971
2,732	3,006	2,996
2,729	3,004	3,049
2,724	3,001	3,038
2,716	2,998	3,043
2,720	2,999	3,051
2,719	3,002	3,038
2,720	2,999	2,994
2,724	2,999	2,988
2,739	3,009	3,021
2,737	3,007	3,070
2,742	3,000	3,072
2,742	2,999	3,075
2,737	3,004	3,093
2,757	3,011	3,100
2,760	3,012	3,090
2,752	3,009	3,100
2,755	3,011	3,101
2,750	3,011	3,095
2,757	3,015	3,078
2,760	3,012	3,130
2,770	3,017	3,148
2,772	3,008	3,095
2,769	3,002	3,056
2,775	2,999	3,053
2,782	3,007	3,050
2,789	3,009	3,048
2,774	3,006	3,043
2,780	3,006	3,039
2,786	2,999	3,026
2,787	2,988	3,027
2,805	2,994	3,041
2,815	2,988	3,055
2,817	2,993	3,061
2,809	2,994	3,049
2,802	2,996	3,040
2,807	2,999	3,050
2,802	3,004	3,013
2,799	3,006	2,994
2,804	3,002	3,029
2,810	2,999	3,026
2,808	3,009	3,021
2,812	3,004	3,024
2,815	3,006	3,001
2,817	3,006	3,005
2,817	2,999	3,008
2,817	3,004	3,020
2,820	3,009	3,053
2,833	3,008	3,042
2,830	3,013	2,989
2,821	3,018	2,956
2,821	3,003	2,984
2,822	2,997	2,989
2,835	2,996	3,007
2,833	2,997	3,033
2,820	3,002	3,056
2,819	3,004	3,040
2,825	2,999	3,037
2,828	2,999	3,094
2,830	2,999	3,130
2,832	2,989	3,103
2,840	2,990	3,071
2,833	2,999	3,108
2,841	3,001	3,137
2,855	3,004	3,169
2,855	3,004	3,167
2,855	3,001	3,180
2,852	3,004	3,167
2,853	3,001	3,215
2,849	3,006	3,205
2,863	2,999	3,152
2,855	2,999	3,158
2,855	2,999	3,179
2,851	2,994	3,190
2,850	2,987	3,188
2,858	2,993	3,194
2,850	3,004	3,219
2,850	3,008	3,183
2,840	3,002	3,167
2,842	3,013	3,209
2,839	2,999	3,245
2,835	2,994	3,195
2,822	2,999	3,157
2,820	2,999	3,125
2,812	2,999	3,152
2,804	2,991	3,192
2,810	2,984	3,123
2,817	2,991	3,138
2,822	2,988	3,147
2,812	2,987	3,088
2,805	2,987	3,056
2,812	2,989	3,108
2,804	2,987	3,150
2,795	2,996	3,132
2,792	2,986	3,093
2,792	2,985	3,051
2,779	2,982	3,074
2,786	2,984	3,071
2,789	2,987	3,115
2,780	2,992	3,135
2,777	2,986	3,117
2,770	2,984	3,063
2,765	2,975	3,061
2,769	2,981	3,103
2,759	2,980	3,155
2,760	2,978	3,125
2,757	2,980	3,140
2,752	2,976	3,127
2,749	2,967	3,070
2,751	2,972	3,090
2,742	2,969	3,085
2,737	2,974	3,056
2,744	2,964	3,031
2,737	2,969	3,036
2,738	2,969	3,026
2,732	2,959	3,007
2,730	2,961	3,024
2,729	2,959	3,036
2,727	2,959	3,028
2,719	2,959	3,035
2,722	2,959	3,037
2,722	2,959	3,058
2,717	2,954	3,004
2,709	2,954	2,955
2,709	2,949	2,947
2,711	2,946	3,009
2,708	2,951	3,063
2,710	2,951	3,037
2,709	2,946	3,043
2,709	2,947	3,035
2,710	2,953	3,021
2,708	2,944	2,968
2,694	2,942	2,957
2,697	2,948	3,008
2,702	2,948	3,066
2,694	2,947	3,056
2,694	2,944	3,072
2,687	2,944	3,056
2,681	2,939	3,026
2,684	2,947	3,071
2,694	2,949	3,119
2,694	2,954	3,125
2,699	2,944	3,135
2,692	2,946	3,133
2,697	2,956	3,177
2,697	2,949	3,177
2,699	2,946	3,146
2,709	2,946	3,115
2,719	2,943	3,108
2,727	2,952	3,157
2,718	2,957	3,202
2,710	2,961	3,222
2,719	2,959	3,222
2,719	2,954	3,200
2,707	2,951	3,145
2,714	2,959	3,115
2,725	2,962	3,143
2,725	2,964	3,171
2,734	2,963	3,180
2,729	2,962	3,186
2,722	2,954	3,163
2,712	2,952	3,150
2,712	2,952	3,109
2,717	2,957	3,133
2,727	2,966	3,135
2,714	2,959	3,101
2,722	2,956	3,097
2,730	2,962	3,085
2,737	2,967	3,101
2,747	2,963	3,075
2,754	2,956	3,050
2,751	2,948	3,084
2,753	2,949	3,105
2,747	2,951	3,108
2,745	2,954	3,106
2,744	2,959	3,117
2,749	2,967	3,132
2,757	2,967	3,081
2,760	2,954	3,063
2,773	2,951	3,056
2,778	2,947	3,050
2,785	2,952	3,096
2,782	2,954	3,106
2,784	2,951	3,081
2,783	2,951	3,053
2,778	2,947	3,052
2,775	2,958	3,034
2,772	2,957	3,035
2,775	2,948	3,070
2,776	2,949	3,063
2,774	2,952	3,074
2,772	2,952	3,065
2,772	2,951	3,093
2,762	2,959	3,128
2,765	2,956	3,143
2,765	2,949	3,126
2,758	2,946	3,115
2,762	2,950	3,108
2,765	2,951	3,070
2,757	2,961	3,029
2,760	2,966	3,057
2,755	2,959	3,098
2,744	2,959	3,111
2,752	2,959	3,110
2,752	2,967	3,135
2,765	2,969	3,160
2,759	2,964	3,112
2,772	2,959	3,123
2,753	2,954	3,147
2,758	2,962	3,173
2,757	2,964	3,202
2,762	2,969	3,194
2,751	2,966	3,138
2,741	2,961	3,158
2,744	2,956	3,182
2,735	2,956	3,157
2,744	2,960	3,162
2,737	2,951	3,108
2,727	2,954	3,086
2,729	2,949	3,108
2,729	2,946	3,108
2,732	2,946	3,085
2,719	2,946	3,040
2,712	2,956	3,063
2,712	2,949	3,093
2,728	2,951	3,130
2,722	2,954	3,121
2,714	2,954	3,113
2,710	2,947	3,070
2,704	2,959	3,095
2,702	2,949	3,100
2,704	2,955	3,073
2,702	2,959	3,086
2,695	2,959	3,111
2,699	2,959	3,138
2,699	2,959	3,120
2,694	2,959	3,098
2,690	2,957	3,146
2,700	2,952	3,170
2,697	2,953	3,136
2,697	2,965	3,133
2,696	2,956	3,091
2,692	2,951	3,076
2,702	2,958	3,086
2,695	2,959	3,065
2,687	2,958	3,065
2,687	2,951	3,029
2,690	2,949	2,995
2,695	2,951	3,036
2,687	2,944	3,021
2,687	2,959	3,023
2,697	2,962	3,049
2,694	2,961	3,056
2,695	2,961	3,114
2,693	2,962	3,103
2,697	2,959	3,043
2,709	2,959	3,023
2,702	2,959	2,969
2,697	2,971	2,949
2,707	2,967	3,012
2,724	2,971	3,040
2,714	2,962	3,035
2,722	2,964	3,031
2,724	2,964	3,060
2,732	2,959	3,048
2,724	2,959	3,045
2,733	2,967	3,066
2,732	2,982	3,088
2,735	2,975	3,125
2,747	2,971	3,113
2,734	2,969	3,119
2,729	2,969	3,120
2,737	2,980	3,118
2,740	2,977	3,108
2,747	2,971	3,100
2,752	2,976	3,148
2,744	2,979	3,138
2,742	2,973	3,142
2,749	2,974	3,118
2,755	2,978	3,087
2,744	2,971	3,075
2,737	2,974	3,030
2,739	2,974	3,081
2,743	2,984	3,088
2,739	2,984	3,102
2,752	2,979	3,111
2,752	2,969	3,128
2,764	2,974	3,150
2,759	2,971	3,148
2,757	2,981	3,109
2,755	2,979	3,103
2,752	2,974	3,072
2,747	2,974	3,075
2,760	2,976	3,101
2,762	2,988	3,082
2,763	2,988	3,045
2,767	2,985	3,046
2,770	2,983	3,031
2,777	2,973	3,031
2,784	2,972	3,081
2,774	2,982	3,157
2,774	2,974	3,157
2,775	2,987	3,187
2,780	2,984	3,192
2,767	2,984	3,182
2,771	2,987	3,222
2,775	2,986	3,207
2,772	2,987	3,133
2,778	2,984	3,129
2,775	2,986	3,140
2,767	2,984	3,132
2,774	2,986	3,136
2,771	2,987	3,070
2,772	2,990	3,101
2,775	2,989	3,133
2,777	2,989	3,100
2,762	2,987	3,075
2,760	2,987	3,120
2,765	2,987	3,108
2,771	2,984	3,095
2,765	2,978	3,068
2,754	2,986	3,105
2,750	2,981	3,094
2,762	2,980	3,131
2,756	2,988	3,140
2,757	2,987	3,120
2,752	2,980	3,060
2,750	2,984	3,006
2,741	2,987	2,976
2,741	2,987	2,979
2,737	2,984	3,028
2,732	2,984	3,049
2,729	2,982	3,036
2,722	2,976	3,046
2,716	2,974	3,038
2,714	2,976	3,033
2,726	2,979	3,066
2,724	2,982	3,058
2,719	2,974	2,983
2,719	2,979	2,962
2,719	2,977	2,971
2,719	2,972	2,920
2,722	2,971	2,896
2,717	2,969	2,912
2,717	2,974	2,894
2,712	2,977	2,930
2,706	2,966	2,923
2,699	2,966	2,884
2,700	2,973	2,894
2,697	2,973	2,901
2,699	2,965	2,890
2,695	2,962	2,869
2,692	2,971	2,849
2,690	2,972	2,849
2,689	2,972	2,871
2,695	2,962	2,895
2,687	2,962	2,894
2,684	2,959	2,836
2,678	2,966	2,877
2,686	2,967	2,930
2,703	2,971	2,990
2,692	2,971	3,024
2,692	2,969	3,023
2,681	2,966	2,949
2,687	2,973	2,965
2,690	2,969	3,031
2,695	2,971	3,026
2,704	2,972	3,051
2,702	2,977	3,088
2,699	2,977	3,039
2,685	2,974	3,001
2,687	2,966	2,969
2,687	2,974	2,989
2,687	2,971	3,009
2,689	2,969	3,057
2,689	2,969	3,046
2,702	2,972	3,013
2,704	2,970	3,053
2,709	2,966	3,107
2,719	2,970	3,100
2,719	2,970	3,121
2,732	2,972	3,113
2,728	2,971	3,115
2,735	2,984	3,134
2,729	2,979	3,093
2,719	2,976	3,037
2,724	2,976	3,019
2,726	2,974	3,058
2,739	2,974	3,052
2,750	2,971	3,065
2,747	2,969	3,036
2,727	2,969	3,037
2,726	2,971	3,053
2,742	2,964	3,054
2,737	2,966	3,073
2,745	2,972	3,096
2,747	2,971	3,090
2,752	2,986	3,052
2,746	2,979	3,051
2,761	2,981	3,081
2,752	2,974	3,075
2,752	2,979	3,088
2,755	2,970	3,111
2,752	2,971	3,138
2,750	2,980	3,125
2,770	2,978	3,123
2,765	2,985	3,100
2,755	2,985	3,071
2,749	2,985	3,080
2,762	2,984	3,068
2,775	2,982	3,063
2,770	2,979	3,042
2,757	2,984	3,048
2,767	2,974	3,051
2,775	2,981	3,050
2,777	2,984	3,058
2,772	2,984	3,066
2,780	2,977	3,088
2,775	2,971	3,098
2,762	2,974	3,071
2,765	2,974	3,002
2,765	2,974	3,001
2,769	2,972	3,031
2,767	2,971	3,031
2,775	2,977	3,026
2,782	2,969	3,023
2,789	2,974	3,046
2,786	2,979	3,051
2,777	2,979	3,018
2,782	2,976	2,999
2,788	2,978	2,984
2,805	2,979	3,014
2,802	2,985	3,052
2,785	2,978	3,058
2,789	2,975	3,083
2,774	2,971	3,077
2,775	2,979	3,051
2,767	2,981	3,081
2,772	2,986	3,076
2,775	2,982	3,057
2,777	2,981	3,088
2,775	2,987	3,068
2,775	2,974	3,045
2,777	2,971	3,060
2,794	2,979	3,037
2,794	2,981	3,091
2,782	2,971	3,093
2,776	2,971	3,029
2,772	2,975	3,048
2,790	2,971	3,094
2,787	2,972	3,113
2,782	2,972	3,087
2,786	2,984	3,058
2,775	2,984	3,063
2,765	2,984	3,079
2,765	2,984	3,072
2,770	2,974	3,080
2,782	2,981	3,091
2,775	2,989	3,053
2,773	2,988	3,075
2,770	2,977	3,051
2,767	2,983	3,045
2,760	2,976	3,046
2,762	2,975	3,084
2,760	2,982	3,098
2,763	2,974	3,091
2,752	2,971	2,999
2,747	2,979	3,017
2,747	2,974	3,038
2,750	2,974	3,021
2,744	2,970	2,951
2,734	2,971	2,924
2,737	2,981	3,009
2,737	2,982	3,038
2,739	2,979	3,006
2,734	2,974	3,004
2,737	2,979	2,986
2,737	2,974	3,009
2,731	2,972	3,019
2,727	2,979	3,028
2,719	2,979	3,053
2,727	2,984	3,061
2,735	2,982	3,102
2,732	2,979	3,143
2,732	2,969	3,148
2,724	2,973	3,106
2,720	2,965	3,038
2,732	2,974	3,043
2,738	2,986	3,063
2,734	2,979	3,058
2,740	2,988	3,061
2,717	2,986	3,043
2,719	2,982	3,046
2,724	2,982	3,033
2,725	2,984	3,038
2,729	2,986	3,086
2,727	2,982	3,124
2,709	2,984	3,096
2,716	2,979	3,080
2,722	2,974	3,066
2,732	2,986	3,083
2,734	2,984	3,114
2,747	2,981	3,088
2,746	2,984	3,051
2,742	2,987	3,088
2,725	2,982	3,107
2,725	2,974	3,088
2,722	2,979	3,076
2,720	2,979	3,113
2,729	2,987	3,106
2,729	2,987	3,074
2,732	2,984	3,078
2,729	2,993	3,051
2,735	2,988	3,048
2,741	2,978	3,038
2,743	2,985	3,038
2,741	2,988	3,033
2,753	2,989	3,065
2,747	2,987	3,058
2,732	2,984	3,000
2,722	2,984	2,981
2,734	2,984	2,979
2,740	2,981	3,003
2,755	2,982	3,038
2,769	2,988	3,071
2,775	2,994	3,086
2,775	2,989	3,102
2,776	2,989	3,073
2,764	2,989	3,105
2,767	2,986	3,102
2,757	2,987	3,122
2,767	2,987	3,125
2,764	2,987	3,128
2,772	2,987	3,167
2,775	2,984	3,187
2,772	2,992	3,189
2,769	2,986	3,224
2,762	2,987	3,175
2,756	2,985	3,160
2,760	2,996	3,170
2,755	2,989	3,177
2,755	2,992	3,175
2,767	2,993	3,187
2,777	2,996	3,196
2,771	2,999	3,197
2,775	2,994	3,147
2,770	2,987	3,106
2,767	2,987	3,103
2,780	2,984	3,126
2,770	2,991	3,117
2,765	2,987	3,108
2,772	2,991	3,108
2,768	2,991	3,064
2,762	2,998	3,081
2,767	2,998	3,140
2,767	3,004	3,167
2,772	3,001	3,182
2,760	2,996	3,141
2,752	2,999	3,111
2,752	3,014	3,096
2,762	2,999	3,096
2,763	2,999	3,138
2,752	2,999	3,090
2,760	3,001	3,127
2,765	2,991	3,098
2,752	2,991	3,050
2,752	2,994	3,028
2,755	2,996	3,051
2,764	3,000	3,098
2,768	3,001	3,150
2,765	3,007	3,187
2,760	3,007	3,185
2,751	3,007	3,155
2,763	3,005	3,156
2,752	3,001	3,177
2,752	3,001	3,192
2,762	3,001	3,229
2,752	3,009	3,227
2,739	3,006	3,194
2,749	3,001	3,188
2,773	3,013	3,186
2,772	3,012	3,165
2,759	3,001	3,158
2,750	3,004	3,137
2,770	3,006	3,113
2,768	3,004	3,115
2,770	3,002	3,145
2,772	3,012	3,152
2,777	3,004	3,148
2,780	3,004	3,142
2,775	3,006	3,159
2,782	3,006	3,157
2,785	3,019	3,184
2,774	3,013	3,177
2,767	3,000	3,137
2,750	3,006	3,133
2,757	3,015	3,140
2,752	3,013	3,150
2,775	3,014	3,113
2,770	3,006	3,104
2,782	3,014	3,145
2,784	3,001	3,152
2,776	3,014	3,125
2,775	3,014	3,078
2,772	3,016	3,020
2,767	3,014	3,033
2,780	3,014	3,014
2,774	3,013	3,059
2,785	3,004	3,076
2,794	3,011	3,047
2,792	3,006	3,098
2,784	3,009	3,135
2,789	3,009	3,138
2,787	3,009	3,138
2,799	3,014	3,111
2,805	3,009	3,095
2,800	3,004	3,086
2,802	3,012	3,009
2,807	3,014	3,002
2,800	3,014	3,048
2,802	3,013	3,069
2,811	3,004	3,028
2,800	3,011	3,013
2,795	3,011	3,033
2,799	3,013	3,043
2,797	3,011	3,004
2,794	3,013	3,002
2,803	3,015	3,007
2,807	3,011	3,012
2,812	3,013	3,045
2,809	3,021	3,080
2,806	3,009	3,070
2,815	3,013	3,043
2,820	3,014	3,029
2,810	3,018	3,050
2,807	3,014	3,113
2,801	3,009	3,145
2,807	3,004	3,127
2,805	3,011	3,135
2,802	3,009	3,155
2,807	3,012	3,180
2,805	3,005	3,128
2,795	3,004	3,104
2,790	3,001	3,115
2,789	3,001	3,088
2,794	3,008	3,073
2,795	3,014	3,102
2,784	3,009	3,116
2,788	3,002	3,102
2,785	3,003	3,090
2,780	3,012	3,118
2,780	3,002	3,091
2,775	3,000	3,085
2,770	3,002	3,083
2,785	3,002	3,081
2,775	3,014	3,127
2,780	3,009	3,145
2,775	3,006	3,110
2,772	3,011	3,103
2,772	3,011	3,105
2,771	3,004	3,068
2,770	3,002	3,034
2,765	3,014	3,070
2,752	3,014	3,055
2,744	3,009	2,994
2,748	3,007	3,004
2,747	3,006	3,026
2,749	3,004	3,055
2,747	2,999	3,016
2,737	2,995	2,971
2,737	2,989	2,936
2,729	2,996	2,988
2,726	2,999	3,041
2,729	2,999	3,059
2,729	3,002	3,093
2,727	2,999	3,076
2,721	2,995	3,056
2,721	2,991	2,996
2,717	2,993	2,989
2,723	2,990	2,973
2,714	2,986	2,960
2,717	2,989	2,962
2,713	2,987	2,969
2,714	2,987	2,949
2,721	2,987	2,930
2,732	2,987	2,966
2,744	2,999	3,015
2,750	2,988	3,039
2,759	2,988	2,989
2,758	2,994	3,018
2,754	2,998	2,969
2,757	2,999	2,976
2,770	2,999	3,026
2,772	3,001	3,057
2,774	3,001	3,003
2,770	2,999	3,004
2,762	2,999	3,070
2,754	2,996	3,103
2,749	2,999	3,111
2,752	2,986	3,098
2,762	2,992	3,088
2,776	2,999	3,113
2,770	2,999	3,096
2,762	3,002	3,095
2,767	2,999	3,111
2,779	3,005	3,140
2,796	3,011	3,138
2,800	3,010	3,131
2,785	3,003	3,123
2,792	3,003	3,128
2,775	3,010	3,128
2,781	3,007	3,135
2,779	3,019	3,158
2,785	3,021	3,182
2,792	3,024	3,189
2,782	3,018	3,187
2,777	3,024	3,195
2,792	3,013	3,194
2,793	3,014	3,189
2,795	3,024	3,222
2,802	3,026	3,240
2,802	3,021	3,232
2,802	3,019	3,270
2,798	3,021	3,254
2,797	3,022	3,239
2,799	3,024	3,212
2,797	3,029	3,198
2,800	3,037	3,203
2,800	3,026	3,177
2,787	3,037	3,185
2,791	3,031	3,212
2,792	3,032	3,201
2,787	3,043	3,182
2,807	3,050	3,202
2,817	3,045	3,185
2,804	3,058	3,194
2,802	3,054	3,221
2,796	3,042	3,229
2,790	3,049	3,227
2,792	3,046	3,185
2,790	3,051	3,136
2,792	3,056	3,130
2,789	3,066	3,182
2,795	3,064	3,222
2,800	3,056	3,244
2,794	3,048	3,240
2,791	3,041	3,239
2,789	3,043	3,227
2,789	3,052	3,199
2,790	3,046	3,207
2,782	3,046	3,224
2,774	3,042	3,222
2,772	3,051	3,195
2,772	3,046	3,167
2,785	3,049	3,201
2,797	3,062	3,222
2,799	3,063	3,252
2,797	3,061	3,226
2,782	3,049	3,192
2,801	3,058	3,179
2,797	3,055	3,113
2,792	3,053	3,077
2,795	3,062	3,090
2,789	3,058	3,100
2,785	3,054	3,122
2,789	3,052	3,111
2,800	3,054	3,106
2,797	3,059	3,133
2,800	3,054	3,106
2,791	3,054	3,108
2,782	3,046	3,090
2,785	3,054	3,095
2,792	3,049	3,128
2,802	3,054	3,126
2,812	3,054	3,156
2,807	3,046	3,148
2,798	3,046	3,111
2,792	3,044	3,118
2,795	3,049	3,139
2,784	3,049	3,113
2,777	3,044	3,095
2,762	3,047	3,105
2,765	3,049	3,063
2,769	3,054	3,067
2,764	3,054	3,122
2,770	3,044	3,143
2,764	3,048	3,153
2,767	3,047	3,135
2,768	3,050	3,145
2,770	3,053	3,145
2,755	3,048	3,103
2,762	3,054	3,103
2,774	3,054	3,121
2,759	3,044	3,095
2,757	3,049	3,055
2,762	3,052	3,061
2,770	3,053	3,076
2,772	3,054	3,077
2,773	3,054	3,065
2,772	3,054	3,038
2,764	3,061	3,076
2,767	3,059	3,103
2,760	3,056	3,051
2,762	3,061	3,051
2,765	3,059	3,083
2,758	3,054	3,048
2,750	3,052	3,032
2,752	3,057	3,029
2,750	3,054	3,031
2,752	3,054	3,048
2,745	3,051	3,001
2,750	3,054	3,020
2,753	3,056	3,048
2,752	3,055	3,075
2,757	3,059	3,096
2,744	3,060	3,056
2,749	3,058	3,059
2,755	3,062	3,107
2,757	3,065	3,157
2,747	3,067	3,184
2,742	3,064	3,139
2,739	3,066	3,146
2,747	3,069	3,145
2,752	3,066	3,162
2,749	3,071	3,153
2,747	3,066	3,184
2,750	3,066	3,172
2,760	3,066	3,196
2,762	3,063	3,177
2,761	3,066	3,138
2,757	3,071	3,114
2,759	3,071	3,138
2,759	3,069	3,140
2,767	3,069	3,108
2,771	3,067	3,130
2,765	3,065	3,131
2,764	3,071	3,142
2,767	3,077	3,157
2,769	3,074	3,180
2,776	3,076	3,143
2,775	3,066	3,143
2,760	3,067	3,103
2,765	3,071	3,122
2,775	3,067	3,140
2,783	3,066	3,132
2,784	3,071	3,148
2,775	3,076	3,194
2,762	3,075	3,194
2,767	3,066	3,135
2,773	3,071	3,150
2,784	3,066	3,128
2,784	3,069	3,095
2,775	3,069	3,081
2,782	3,074	3,111
2,785	3,070	3,132
2,794	3,066	3,135
2,809	3,066	3,138
2,805	3,066	3,108
2,800	3,068	3,138
2,782	3,067	3,138
2,789	3,066	3,138
2,790	3,059	3,128
2,787	3,059	3,098
2,795	3,066	3,131
2,789	3,064	3,161
2,787	3,063	3,149
2,789	3,062	3,111
2,797	3,057	3,066
2,811	3,057	3,116
2,810	3,062	3,172
2,794	3,058	3,125
2,792	3,057	3,115
2,802	3,065	3,085
2,798	3,056	3,086
2,792	3,064	3,070
2,795	3,067	3,145
2,794	3,068	3,111
2,794	3,054	3,105
2,797	3,062	3,165
2,802	3,059	3,177
2,792	3,051	3,086
2,787	3,052	3,098
2,787	3,053	3,134
2,794	3,051	3,175
2,800	3,054	3,179
2,793	3,059	3,190
2,802	3,059	3,200
2,792	3,054	3,173
2,795	3,049	3,160
2,794	3,054	3,212
2,793	3,061	3,235
2,780	3,046	3,187
2,777	3,049	3,140
2,774	3,049	3,160
2,777	3,046	3,157
2,779	3,054	3,167
2,764	3,045	3,161
2,764	3,044	3,133
2,763	3,047	3,145
2,754	3,046	3,126
2,762	3,042	3,138
2,759	3,050	3,114
2,762	3,047	3,063
2,752	3,034	3,013
2,750	3,044	3,028
2,752	3,039	3,043
2,752	3,041	3,108
2,743	3,046	3,101
2,747	3,038	3,083
2,754	3,038	3,086
2,752	3,037	3,041
2,744	3,031	2,974
2,739	3,029	2,925
2,741	3,034	2,986
2,751	3,031	3,033
2,752	3,029	3,105
2,755	3,029	3,113
2,752	3,039	3,088
2,760	3,029	3,140
2,760	3,039	3,120
2,760	3,031	3,091
2,757	3,042	3,088
2,765	3,044	3,111
2,767	3,039	3,076
2,760	3,039	3,065
2,762	3,040	3,070
2,753	3,040	3,125
2,753	3,038	3,160
2,750	3,026	3,155
2,752	3,026	3,104
2,756	3,037	3,123
2,765	3,039	3,132
2,754	3,041	3,133
2,765	3,049	3,145
2,775	3,034	3,176
2,775	3,037	3,197
2,775	3,041	3,130
2,775	3,033	3,073
2,772	3,033	3,051
2,762	3,031	3,083
2,772	3,043	3,090
2,775	3,038	3,071
2,775	3,039	3,056
2,774	3,038	3,043
2,785	3,037	3,024
2,782	3,037	3,041
2,782	3,034	3,071
2,785	3,037	3,073
2,794	3,037	3,070
2,800	3,031	3,068
2,790	3,028	3,058
2,794	3,024	3,053
2,797	3,034	3,045
2,792	3,038	3,019
2,777	3,038	3,038
2,783	3,030	3,053
2,778	3,036	3,021
2,780	3,029	2,997
2,779	3,029	3,016
2,777	3,037	3,038
2,784	3,026	3,046
2,779	3,024	3,061
2,770	3,029	3,080
2,777	3,034	3,103
2,785	3,035	3,083
2,790	3,037	3,110
2,790	3,034	3,150
2,774	3,026	3,143
2,769	3,024	3,128
2,770	3,019	3,120
2,773	3,021	3,160
2,777	3,019	3,154
2,768	3,021	3,093
2,770	3,027	3,073
2,765	3,026	3,115
2,759	3,019	3,158
2,754	3,021	3,171
2,760	3,026	3,164
2,760	3,019	3,150
2,752	3,026	3,115
2,754	3,025	3,144
2,755	3,022	3,165
2,747	3,023	3,135
2,747	3,027	3,194
2,745	3,020	3,219
2,747	3,025	3,135
2,752	3,014	3,098
2,742	3,016	3,132
2,742	3,021	3,158
2,742	3,018	3,147
2,742	3,021	3,136
2,744	3,016	3,138
2,745	3,021	3,155
2,739	3,019	3,175
2,741	3,019	3,157
2,732	3,013	3,147
2,730	3,016	3,158
2,729	3,016	3,147
2,732	3,024	3,103
2,728	3,017	3,093
2,729	3,019	3,103
2,731	3,014	3,093
2,732	3,019	3,063
2,742	3,013	3,053
2,747	3,021	3,116
2,737	3,021	3,108
2,733	3,015	3,070
2,743	3,014	3,096
2,734	3,013	3,098
2,742	3,019	3,116
2,756	3,016	3,091
2,759	3,010	3,115
2,760	3,014	3,175
2,757	3,024	3,201
2,750	3,027	3,195
2,750	3,021	3,150
2,743	3,026	3,157
2,747	3,019	3,143
2,752	3,014	3,161
2,747	3,016	3,150
2,742	3,018	3,145
2,744	3,026	3,141
2,757	3,024	3,155
2,756	3,026	3,137
2,753	3,026	3,110
2,747	3,024	3,085
2,757	3,034	3,100
2,759	3,026	3,124
2,773	3,026	3,143
2,757	3,021	3,110
2,765	3,019	3,110
2,762	3,016	3,120
2,769	3,024	3,113
2,773	3,021	3,110
2,767	3,019	3,130
2,772	3,023	3,162
2,787	3,023	3,148
2,782	3,022	3,173
2,777	3,027	3,140
2,780	3,021	3,118
2,775	3,017	3,096
2,780	3,014	3,056
2,785	3,018	3,043
2,787	3,018	3,083
2,776	3,026	3,108
2,774	3,021	3,135
2,765	3,026	3,127
2,778	3,013	3,120
2,782	3,013	3,065
2,782	3,013	3,070
2,777	3,019	3,088
2,795	3,014	3,141
2,794	3,021	3,152
2,797	3,016	3,133
2,794	3,022	3,151
2,797	3,027	3,145
2,794	3,026	3,173
2,786	3,027	3,178
2,797	3,021	3,189
2,797	3,029	3,227
2,795	3,027	3,217
2,789	3,021	3,207
2,782	3,020	3,167
2,775	3,027	3,182
2,776	3,024	3,185
2,770	3,018	3,142
2,762	3,017	3,153
2,759	3,022	3,168
2,775	3,017	3,153
2,772	3,014	3,088
2,775	3,019	3,119
2,772	3,016	3,174
2,769	3,023	3,177
2,764	3,021	3,150
2,764	3,014	3,117
2,769	3,016	3,128
2,762	3,018	3,120
2,760	3,013	3,061
2,760	3,009	3,078
2,760	3,011	3,127
2,749	3,014	3,108
2,742	3,013	3,088
2,742	3,009	3,105
2,740	3,009	3,090
2,741	3,009	3,108
2,752	3,016	3,155
2,742	3,012	3,150
2,740	3,001	3,131
2,740	2,999	3,146
2,747	3,011	3,147
2,738	3,005	3,076
2,735	3,003	3,093
2,744	3,000	3,073
2,734	3,003	3,074
2,742	2,999	3,108
2,739	3,002	3,095
2,745	3,006	3,106
2,754	3,006	3,118
2,737	3,004	3,084
2,740	3,001	3,050
2,739	2,999	3,018
2,752	3,004	3,071
2,757	3,006	3,153
2,756	3,004	3,114
2,747	3,004	3,133
2,739	3,004	3,123
2,740	3,001	3,098
2,742	3,001	3,106
2,752	2,999	3,163
2,754	3,007	3,182
2,757	3,006	3,199
2,769	3,009	3,212
2,762	3,001	3,161
2,749	3,009	3,110
2,740	3,001	3,066
2,748	3,001	3,081
2,765	3,008	3,065
2,772	3,008	3,080
2,775	3,002	3,133
2,772	3,010	3,160
2,761	3,005	3,185
2,762	3,008	3,151
2,755	3,011	3,190
2,757	3,009	3,197
2,770	3,007	3,194
2,766	3,004	3,182
2,767	3,001	3,197
2,764	3,001	3,200
2,760	3,004	3,224
2,754	3,011	3,249
2,759	3,013	3,237
2,762	3,016	3,213
2,760	3,011	3,175
2,773	3,014	3,202
2,767	3,011	3,202
2,760	3,009	3,164
2,757	3,004	3,172
2,753	3,009	3,222
2,760	3,004	3,157
2,752	3,011	3,157
2,752	3,006	3,151
2,754	3,014	3,146
2,762	3,014	3,128
2,760	3,003	3,163
2,765	2,993	3,136
2,775	3,007	3,146
2,774	3,001	3,165
2,777	3,000	3,194
2,774	2,995	3,173
2,770	2,999	3,138
2,770	3,005	3,171
2,765	3,006	3,174
2,765	3,001	3,194
2,762	3,001	3,207
2,754	2,999	3,143
2,757	3,006	3,130
2,760	3,001	3,145
2,749	3,001	3,167
2,747	2,999	3,120
2,737	2,999	3,121
2,744	3,004	3,185
2,739	3,006	3,196
2,747	2,999	3,222
2,752	3,006	3,220
2,735	3,002	3,171
2,742	3,001	3,157
2,751	3,009	3,167
2,752	3,004	3,158
2,744	3,002	3,100
2,740	3,006	3,133
2,732	2,999	3,118
2,734	2,988	3,062
2,737	2,997	3,068
2,733	3,001	3,117
2,729	2,998	3,103
2,726	2,997	3,063
2,726	2,989	3,103
2,732	2,994	3,135
2,731	2,987	3,087
2,725	2,991	3,131
2,724	2,989	3,162
2,732	2,987	3,186
2,731	2,982	3,205
2,733	2,987	3,169
2,729	2,984	3,135
2,722	2,978	3,073
2,714	2,986	3,082
2,717	2,987	3,136
2,698	2,984	3,123
2,699	2,981	3,101
2,715	2,987	3,085
2,712	2,987	3,115
2,704	2,982	3,106
2,702	2,987	3,098
2,694	2,982	3,028
2,708	2,981	3,043
2,697	2,976	3,056
2,707	2,985	3,105
2,709	2,988	3,128
2,712	2,989	3,096
2,713	2,983	3,086
2,712	2,984	3,086
2,712	2,989	3,084
2,709	2,985	3,065
2,717	2,987	3,085
2,708	2,976	3,014
2,704	2,969	2,978
2,710	2,981	2,983
