Projekt Aerodynamik Übung CPM3
P_amb in [Pa]:  100463 T_amb in [K]: 291
Channel 1-3 HCL Druckdaten [V] 
2,044	2,134	2,213
2,048	2,136	2,214
2,046	2,136	2,208
2,040	2,136	2,206
2,043	2,136	2,207
2,048	2,136	2,212
2,048	2,141	2,214
2,050	2,141	2,218
2,049	2,133	2,212
2,051	2,138	2,209
2,046	2,136	2,206
2,046	2,141	2,201
2,048	2,138	2,198
2,040	2,143	2,206
2,051	2,138	2,209
2,044	2,136	2,212
2,049	2,131	2,206
2,043	2,131	2,207
2,043	2,143	2,191
2,044	2,138	2,190
2,042	2,128	2,189
2,043	2,137	2,186
2,036	2,133	2,181
2,041	2,138	2,181
2,046	2,138	2,182
2,044	2,138	2,186
2,041	2,129	2,181
2,044	2,133	2,179
2,041	2,138	2,174
2,038	2,131	2,168
2,038	2,136	2,163
2,033	2,136	2,159
2,036	2,136	2,161
2,034	2,136	2,152
2,039	2,134	2,153
2,029	2,131	2,154
2,036	2,139	2,153
2,030	2,137	2,158
2,036	2,131	2,162
2,034	2,129	2,154
2,033	2,129	2,149
2,026	2,124	2,136
2,021	2,129	2,135
2,026	2,131	2,146
2,028	2,125	2,148
2,028	2,132	2,148
2,023	2,130	2,146
2,023	2,127	2,140
2,021	2,130	2,134
2,020	2,125	2,134
2,023	2,129	2,133
2,026	2,129	2,128
2,018	2,123	2,135
2,014	2,121	2,136
2,016	2,126	2,134
2,016	2,123	2,138
2,017	2,121	2,129
2,011	2,123	2,121
2,008	2,121	2,121
2,007	2,116	2,116
2,008	2,128	2,116
2,014	2,121	2,122
2,006	2,126	2,121
2,006	2,121	2,126
2,006	2,119	2,121
2,008	2,124	2,119
2,010	2,124	2,121
2,006	2,124	2,116
2,004	2,121	2,118
2,004	2,119	2,116
2,004	2,119	2,117
1,999	2,114	2,121
2,001	2,119	2,129
2,004	2,117	2,129
2,006	2,120	2,141
2,004	2,118	2,139
2,000	2,119	2,142
2,006	2,117	2,138
2,002	2,119	2,137
2,002	2,121	2,134
2,006	2,116	2,143
2,001	2,116	2,149
2,000	2,116	2,154
2,002	2,116	2,156
2,004	2,116	2,160
2,006	2,126	2,159
2,001	2,119	2,161
2,004	2,124	2,161
2,005	2,121	2,159
1,998	2,118	2,164
1,996	2,119	2,174
2,004	2,122	2,179
2,006	2,119	2,181
2,006	2,119	2,184
2,004	2,124	2,180
2,003	2,116	2,186
2,006	2,119	2,188
2,008	2,117	2,193
2,004	2,112	2,194
2,013	2,123	2,201
2,010	2,127	2,206
2,008	2,123	2,206
2,014	2,119	2,211
2,006	2,121	2,214
2,014	2,129	2,221
2,020	2,126	2,228
2,018	2,128	2,237
2,012	2,129	2,236
2,016	2,127	2,232
2,023	2,128	2,236
2,019	2,134	2,244
2,024	2,134	2,251
2,028	2,128	2,256
2,026	2,126	2,256
2,029	2,132	2,259
2,028	2,131	2,261
2,029	2,128	2,267
2,029	2,136	2,261
2,026	2,129	2,264
2,029	2,129	2,267
2,033	2,133	2,269
2,028	2,131	2,274
2,029	2,131	2,270
2,036	2,128	2,269
2,034	2,136	2,269
2,039	2,130	2,270
2,029	2,142	2,274
2,036	2,145	2,270
2,033	2,139	2,272
2,039	2,142	2,269
2,044	2,136	2,272
2,039	2,139	2,269
2,039	2,136	2,274
2,046	2,141	2,272
2,049	2,141	2,276
2,048	2,136	2,277
2,049	2,138	2,281
2,049	2,138	2,277
2,048	2,141	2,276
2,047	2,141	2,277
2,051	2,141	2,277
2,051	2,140	2,268
2,051	2,146	2,271
2,056	2,144	2,274
2,051	2,138	2,269
2,051	2,139	2,270
2,052	2,143	2,273
2,051	2,143	2,269
2,051	2,143	2,267
2,053	2,144	2,256
2,056	2,143	2,257
2,047	2,139	2,251
2,051	2,139	2,251
2,055	2,144	2,251
2,056	2,148	2,246
2,056	2,144	2,240
2,053	2,148	2,231
2,051	2,138	2,227
2,057	2,139	2,222
2,049	2,144	2,221
2,051	2,143	2,211
2,051	2,138	2,206
2,050	2,140	2,204
2,053	2,134	2,198
2,048	2,138	2,191
2,051	2,143	2,194
2,046	2,138	2,191
2,046	2,138	2,186
2,040	2,133	2,176
2,053	2,138	2,166
2,051	2,141	2,171
2,046	2,133	2,168
2,051	2,138	2,174
2,051	2,141	2,171
2,046	2,136	2,168
2,045	2,136	2,162
2,041	2,136	2,156
2,041	2,138	2,149
2,039	2,136	2,147
2,041	2,130	2,146
2,039	2,139	2,146
2,041	2,140	2,146
2,036	2,127	2,149
2,039	2,139	2,141
2,029	2,133	2,136
2,028	2,129	2,131
2,023	2,129	2,129
2,031	2,129	2,129
2,029	2,134	2,128
2,026	2,131	2,126
2,026	2,131	2,121
2,028	2,128	2,121
2,027	2,128	2,121
2,023	2,129	2,117
2,026	2,131	2,116
2,028	2,129	2,111
2,026	2,129	2,114
2,026	2,126	2,118
2,026	2,125	2,116
2,017	2,129	2,121
2,016	2,126	2,121
2,026	2,128	2,124
2,019	2,128	2,130
2,014	2,126	2,134
2,018	2,128	2,129
2,019	2,128	2,136
2,021	2,125	2,138
2,016	2,126	2,140
2,018	2,128	2,143
2,022	2,127	2,154
2,016	2,129	2,163
2,016	2,128	2,164
2,021	2,127	2,174
2,016	2,129	2,182
2,019	2,128	2,191
2,016	2,124	2,186
2,017	2,128	2,189
2,014	2,126	2,194
2,021	2,126	2,203
2,010	2,127	2,201
2,021	2,126	2,209
2,016	2,129	2,213
2,016	2,129	2,206
2,014	2,128	2,206
2,021	2,129	2,209
2,021	2,133	2,212
2,020	2,134	2,212
2,021	2,129	2,218
2,026	2,133	2,224
2,019	2,131	2,213
2,024	2,133	2,211
2,024	2,129	2,214
2,021	2,126	2,216
2,027	2,128	2,211
2,026	2,129	2,214
2,024	2,131	2,210
2,023	2,134	2,218
2,023	2,132	2,218
2,029	2,129	2,219
2,024	2,132	2,219
2,026	2,131	2,225
2,028	2,134	2,219
2,023	2,128	2,213
2,027	2,129	2,216
2,026	2,131	2,212
2,029	2,136	2,213
2,028	2,128	2,216
2,026	2,134	2,218
2,030	2,131	2,216
2,026	2,131	2,219
2,024	2,133	2,219
2,026	2,136	2,211
2,026	2,133	2,209
2,026	2,134	2,209
2,024	2,129	2,203
2,028	2,129	2,211
2,022	2,138	2,214
2,029	2,133	2,212
2,029	2,134	2,216
2,028	2,131	2,209
2,025	2,128	2,211
2,026	2,139	2,209
2,029	2,137	2,206
2,026	2,133	2,205
2,021	2,131	2,204
2,025	2,138	2,204
2,031	2,136	2,206
2,032	2,134	2,209
2,029	2,141	2,213
2,018	2,133	2,201
2,024	2,134	2,199
2,024	2,136	2,199
2,023	2,133	2,204
2,026	2,138	2,207
2,029	2,141	2,203
2,029	2,133	2,206
2,028	2,141	2,211
2,029	2,136	2,202
2,029	2,134	2,204
2,022	2,136	2,196
2,021	2,134	2,199
2,026	2,129	2,196
2,021	2,138	2,202
2,026	2,134	2,198
2,024	2,133	2,192
2,021	2,133	2,196
2,021	2,134	2,196
2,024	2,130	2,195
2,021	2,136	2,193
2,024	2,137	2,191
2,021	2,130	2,194
2,028	2,138	2,194
2,028	2,135	2,191
2,021	2,132	2,186
2,017	2,129	2,183
2,019	2,138	2,182
2,019	2,131	2,178
2,021	2,134	2,184
2,021	2,131	2,186
2,013	2,132	2,193
2,021	2,129	2,194
2,024	2,131	2,191
2,019	2,128	2,191
2,016	2,134	2,191
2,021	2,134	2,186
2,013	2,131	2,191
2,022	2,131	2,191
2,016	2,136	2,196
2,024	2,136	2,204
2,018	2,131	2,206
2,016	2,129	2,202
2,018	2,129	2,201
2,016	2,138	2,209
2,021	2,136	2,206
2,024	2,139	2,211
2,024	2,137	2,213
2,024	2,134	2,216
2,016	2,132	2,213
2,022	2,138	2,218
2,021	2,132	2,211
2,019	2,132	2,220
2,019	2,138	2,218
2,023	2,134	2,218
2,023	2,140	2,222
2,029	2,136	2,224
2,028	2,133	2,225
2,024	2,139	2,224
2,021	2,136	2,218
2,019	2,134	2,221
2,021	2,138	2,222
2,019	2,134	2,222
2,026	2,144	2,224
2,024	2,144	2,223
2,022	2,143	2,224
2,028	2,141	2,225
2,027	2,139	2,226
2,029	2,141	2,221
2,033	2,144	2,224
2,026	2,138	2,221
2,029	2,139	2,218
2,027	2,144	2,226
2,029	2,143	2,226
2,031	2,138	2,229
2,031	2,139	2,220
2,029	2,134	2,219
2,029	2,139	2,213
2,026	2,140	2,218
2,029	2,136	2,224
2,028	2,143	2,224
2,028	2,144	2,224
2,026	2,139	2,226
2,029	2,140	2,219
2,029	2,141	2,224
2,024	2,141	2,219
2,031	2,138	2,221
2,026	2,138	2,224
2,028	2,142	2,222
2,027	2,138	2,218
2,033	2,136	2,221
2,029	2,143	2,219
2,024	2,149	2,213
2,028	2,141	2,209
2,022	2,141	2,207
2,023	2,143	2,209
2,028	2,136	2,212
2,028	2,140	2,211
2,028	2,144	2,214
2,026	2,141	2,217
2,029	2,144	2,213
2,029	2,140	2,208
2,029	2,138	2,208
2,028	2,140	2,209
2,034	2,140	2,215
2,033	2,142	2,213
2,035	2,142	2,219
2,028	2,143	2,213
2,024	2,144	2,210
2,023	2,141	2,212
2,024	2,141	2,211
2,029	2,141	2,211
2,029	2,143	2,214
2,031	2,141	2,216
2,031	2,141	2,212
2,029	2,142	2,208
2,028	2,140	2,206
2,023	2,138	2,207
2,030	2,141	2,200
2,032	2,143	2,206
2,029	2,143	2,201
2,029	2,143	2,201
2,031	2,141	2,201
2,032	2,138	2,199
2,029	2,136	2,194
2,026	2,141	2,196
2,029	2,138	2,193
2,021	2,143	2,196
2,028	2,141	2,196
2,029	2,134	2,193
2,029	2,143	2,193
2,028	2,145	2,193
2,026	2,144	2,192
2,029	2,145	2,191
2,028	2,144	2,193
2,029	2,139	2,198
2,026	2,139	2,199
2,031	2,146	2,198
2,029	2,141	2,198
2,028	2,141	2,191
2,027	2,141	2,199
2,029	2,143	2,197
2,029	2,143	2,206
2,026	2,138	2,206
2,031	2,143	2,214
2,024	2,143	2,212
2,028	2,143	2,211
2,030	2,144	2,209
2,028	2,138	2,209
2,028	2,141	2,209
2,031	2,141	2,211
2,028	2,141	2,212
2,030	2,143	2,216
2,039	2,138	2,216
2,029	2,143	2,208
2,033	2,144	2,213
2,030	2,136	2,212
2,030	2,139	2,217
2,028	2,147	2,219
2,031	2,142	2,213
2,034	2,144	2,212
2,031	2,143	2,214
2,030	2,144	2,213
2,036	2,144	2,216
2,033	2,143	2,216
2,031	2,143	2,221
2,038	2,148	2,219
2,036	2,141	2,224
2,036	2,143	2,218
2,035	2,145	2,224
2,034	2,143	2,220
2,033	2,146	2,224
2,043	2,143	2,229
2,038	2,144	2,235
2,042	2,144	2,236
2,038	2,143	2,236
2,039	2,149	2,236
2,038	2,146	2,234
2,039	2,146	2,229
2,037	2,147	2,231
2,036	2,143	2,237
2,039	2,148	2,236
2,041	2,138	2,243
2,038	2,141	2,240
2,038	2,154	2,238
2,043	2,148	2,234
2,041	2,147	2,236
2,041	2,148	2,231
2,038	2,146	2,236
2,046	2,147	2,237
2,048	2,151	2,241
2,046	2,146	2,237
2,043	2,146	2,232
2,044	2,144	2,224
2,036	2,143	2,221
2,036	2,149	2,216
2,041	2,142	2,218
2,038	2,146	2,219
2,043	2,151	2,216
2,041	2,151	2,214
2,041	2,143	2,209
2,046	2,141	2,211
2,041	2,146	2,206
2,043	2,144	2,212
2,046	2,151	2,211
2,044	2,148	2,210
2,044	2,146	2,209
2,038	2,148	2,206
2,042	2,148	2,207
2,044	2,148	2,201
2,041	2,144	2,204
2,044	2,143	2,201
2,039	2,148	2,198
2,043	2,149	2,202
2,043	2,148	2,199
2,036	2,149	2,201
2,047	2,144	2,193
2,041	2,146	2,185
2,036	2,143	2,184
2,040	2,143	2,184
2,037	2,149	2,188
2,033	2,143	2,184
2,036	2,149	2,190
2,038	2,153	2,181
2,038	2,146	2,181
2,033	2,143	2,171
2,033	2,143	2,173
2,032	2,143	2,167
2,031	2,143	2,166
2,034	2,146	2,161
2,031	2,144	2,161
2,033	2,144	2,162
2,029	2,144	2,159
2,038	2,147	2,162
2,033	2,143	2,161
2,031	2,141	2,156
2,031	2,141	2,157
2,032	2,137	2,156
2,033	2,141	2,161
2,029	2,144	2,161
2,028	2,145	2,163
2,031	2,144	2,161
2,026	2,145	2,159
2,028	2,134	2,156
2,031	2,144	2,162
2,034	2,141	2,168
2,028	2,141	2,171
2,034	2,138	2,179
2,031	2,138	2,169
2,027	2,141	2,174
2,031	2,138	2,173
2,026	2,140	2,174
2,023	2,141	2,174
2,026	2,143	2,171
2,024	2,138	2,166
2,028	2,144	2,175
2,029	2,141	2,174
2,029	2,136	2,176
2,028	2,144	2,174
2,021	2,136	2,177
2,024	2,138	2,174
2,024	2,136	2,176
2,026	2,141	2,174
2,026	2,143	2,174
2,026	2,136	2,163
2,026	2,144	2,174
2,026	2,135	2,178
2,019	2,139	2,181
2,029	2,142	2,179
2,024	2,138	2,184
2,026	2,137	2,181
2,020	2,138	2,185
2,028	2,134	2,181
2,028	2,136	2,186
2,026	2,136	2,180
2,029	2,136	2,184
2,017	2,133	2,181
2,026	2,138	2,186
2,022	2,138	2,191
2,024	2,140	2,198
2,026	2,138	2,193
2,029	2,138	2,193
2,024	2,136	2,191
2,027	2,141	2,194
2,031	2,141	2,193
2,024	2,139	2,198
2,021	2,138	2,196
2,021	2,143	2,193
2,024	2,138	2,193
2,029	2,136	2,191
2,026	2,141	2,198
2,021	2,141	2,191
2,024	2,131	2,193
2,025	2,136	2,187
2,026	2,141	2,188
2,024	2,136	2,187
2,026	2,137	2,181
2,024	2,137	2,186
2,026	2,136	2,189
2,021	2,139	2,194
2,022	2,144	2,186
2,024	2,138	2,184
2,026	2,141	2,186
2,024	2,133	2,186
2,024	2,136	2,189
2,024	2,136	2,189
2,026	2,143	2,186
2,028	2,134	2,187
2,024	2,134	2,191
2,021	2,141	2,193
2,028	2,134	2,186
2,029	2,136	2,186
2,030	2,138	2,194
2,027	2,134	2,188
2,024	2,136	2,186
2,029	2,131	2,186
2,028	2,141	2,186
2,020	2,138	2,196
2,029	2,143	2,197
2,029	2,131	2,203
2,029	2,140	2,203
2,029	2,131	2,192
2,024	2,132	2,186
2,028	2,133	2,191
2,028	2,136	2,191
2,028	2,138	2,191
2,029	2,134	2,190
2,028	2,136	2,193
2,031	2,137	2,186
2,032	2,138	2,191
2,026	2,134	2,191
2,029	2,136	2,194
2,029	2,141	2,193
2,026	2,143	2,188
2,032	2,136	2,188
2,031	2,138	2,188
2,034	2,138	2,193
2,029	2,136	2,199
2,033	2,141	2,199
2,031	2,139	2,204
2,036	2,138	2,199
2,039	2,131	2,198
2,041	2,141	2,196
2,033	2,141	2,199
2,029	2,144	2,200
2,038	2,138	2,206
2,034	2,146	2,216
2,036	2,134	2,211
2,036	2,142	2,207
2,036	2,140	2,206
2,036	2,140	2,207
2,042	2,139	2,203
2,033	2,136	2,209
2,034	2,138	2,206
2,041	2,144	2,207
2,036	2,141	2,211
2,033	2,141	2,210
2,036	2,143	2,209
2,033	2,136	2,214
2,032	2,140	2,210
2,038	2,143	2,211
2,043	2,141	2,207
2,038	2,136	2,201
2,035	2,141	2,205
2,036	2,138	2,202
2,036	2,141	2,198
2,039	2,141	2,206
2,036	2,144	2,204
2,038	2,143	2,210
2,036	2,141	2,196
2,037	2,144	2,204
2,039	2,138	2,204
2,034	2,141	2,198
2,034	2,134	2,200
2,033	2,136	2,199
2,033	2,141	2,193
2,034	2,138	2,196
2,041	2,144	2,190
2,039	2,139	2,194
2,036	2,141	2,191
2,034	2,136	2,186
2,031	2,143	2,179
2,029	2,136	2,184
2,031	2,141	2,186
2,033	2,133	2,181
2,032	2,134	2,181
2,031	2,133	2,181
2,034	2,134	2,182
2,034	2,141	2,176
2,028	2,136	2,168
2,028	2,138	2,167
2,033	2,136	2,169
2,029	2,134	2,165
2,028	2,132	2,171
2,026	2,138	2,166
2,033	2,128	2,154
2,029	2,131	2,156
2,024	2,131	2,156
2,028	2,134	2,154
2,029	2,134	2,153
2,026	2,133	2,154
2,026	2,134	2,157
2,023	2,128	2,149
2,026	2,135	2,145
2,021	2,128	2,144
2,019	2,132	2,154
2,019	2,133	2,150
2,026	2,129	2,148
2,028	2,129	2,149
2,023	2,132	2,151
2,026	2,131	2,148
2,021	2,134	2,154
2,024	2,131	2,156
2,021	2,131	2,148
2,018	2,128	2,153
2,024	2,126	2,155
2,021	2,129	2,162
2,019	2,131	2,163
2,026	2,129	2,159
2,023	2,131	2,162
2,026	2,129	2,162
2,022	2,129	2,168
2,022	2,129	2,174
2,019	2,129	2,174
2,021	2,128	2,173
2,023	2,134	2,175
2,021	2,134	2,174
2,019	2,130	2,174
2,016	2,128	2,182
2,021	2,130	2,176
2,021	2,128	2,181
2,013	2,128	2,183
2,021	2,136	2,179
2,018	2,134	2,184
2,026	2,131	2,189
2,029	2,129	2,194
2,021	2,129	2,194
2,021	2,129	2,187
2,020	2,134	2,191
2,019	2,134	2,198
2,024	2,136	2,203
2,021	2,133	2,203
2,023	2,131	2,201
2,032	2,136	2,190
2,018	2,128	2,194
2,024	2,138	2,198
2,029	2,131	2,206
2,021	2,134	2,206
2,024	2,131	2,212
2,023	2,136	2,212
2,029	2,136	2,210
2,029	2,133	2,219
2,029	2,131	2,218
2,024	2,133	2,221
2,028	2,126	2,214
2,029	2,130	2,216
2,026	2,142	2,221
2,031	2,136	2,218
2,033	2,135	2,226
2,028	2,139	2,224
2,031	2,141	2,223
2,029	2,134	2,224
2,031	2,134	2,226
2,029	2,136	2,226
2,029	2,134	2,226
2,029	2,134	2,219
2,029	2,141	2,224
2,033	2,136	2,220
2,031	2,134	2,224
2,029	2,138	2,221
2,028	2,134	2,219
2,031	2,138	2,211
2,030	2,136	2,212
2,028	2,138	2,219
2,031	2,141	2,221
2,034	2,138	2,218
2,034	2,138	2,215
2,033	2,136	2,212
2,036	2,134	2,206
2,029	2,134	2,206
2,031	2,138	2,211
2,033	2,137	2,212
2,036	2,138	2,209
2,031	2,138	2,204
2,033	2,140	2,201
2,034	2,136	2,201
2,028	2,134	2,198
2,028	2,143	2,196
2,031	2,137	2,196
2,037	2,141	2,201
2,036	2,136	2,194
2,029	2,134	2,194
2,033	2,137	2,189
2,033	2,133	2,188
2,034	2,138	2,181
2,033	2,133	2,182
2,032	2,134	2,184
2,028	2,141	2,185
2,029	2,139	2,186
2,031	2,138	2,186
2,031	2,133	2,186
2,034	2,138	2,179
2,029	2,134	2,174
2,031	2,131	2,174
2,034	2,133	2,176
2,031	2,134	2,181
2,032	2,136	2,181
2,034	2,137	2,181
2,031	2,137	2,179
2,031	2,133	2,180
2,029	2,135	2,181
2,034	2,138	2,178
2,031	2,137	2,186
2,033	2,141	2,186
2,038	2,133	2,185
2,033	2,136	2,186
2,028	2,136	2,183
2,029	2,138	2,187
2,035	2,136	2,186
2,029	2,134	2,194
2,031	2,136	2,198
2,036	2,138	2,193
2,033	2,138	2,194
2,033	2,136	2,200
2,031	2,131	2,198
2,031	2,136	2,198
2,029	2,136	2,204
2,031	2,134	2,206
2,032	2,139	2,207
2,031	2,134	2,206
2,029	2,134	2,206
2,029	2,136	2,206
2,036	2,136	2,206
2,031	2,137	2,211
2,036	2,141	2,212
2,030	2,134	2,213
2,034	2,141	2,209
2,038	2,137	2,206
2,034	2,142	2,211
2,030	2,141	2,206
2,035	2,137	2,209
2,036	2,141	2,212
2,036	2,138	2,206
2,036	2,138	2,206
2,034	2,141	2,206
2,033	2,134	2,206
2,034	2,138	2,206
2,037	2,138	2,203
2,036	2,135	2,204
2,028	2,133	2,199
2,033	2,143	2,199
2,033	2,138	2,196
2,036	2,137	2,194
2,041	2,133	2,191
2,031	2,136	2,194
2,034	2,134	2,186
2,028	2,138	2,183
2,032	2,136	2,185
2,034	2,131	2,181
2,031	2,137	2,173
2,029	2,136	2,174
2,029	2,133	2,173
2,031	2,131	2,169
2,031	2,128	2,161
2,031	2,133	2,163
2,026	2,132	2,166
2,026	2,131	2,163
2,023	2,136	2,156
2,028	2,131	2,156
2,025	2,129	2,149
2,024	2,131	2,152
2,024	2,131	2,143
2,024	2,131	2,149
2,018	2,129	2,149
2,020	2,131	2,149
2,014	2,134	2,142
2,016	2,130	2,141
2,021	2,132	2,141
2,021	2,128	2,149
2,027	2,128	2,144
2,018	2,128	2,141
2,019	2,129	2,141
2,018	2,129	2,138
2,014	2,129	2,139
2,020	2,134	2,138
2,018	2,129	2,149
2,013	2,129	2,146
2,014	2,132	2,141
2,014	2,131	2,134
2,014	2,122	2,144
2,010	2,119	2,149
2,015	2,125	2,150
2,009	2,128	2,154
2,014	2,127	2,149
2,011	2,130	2,153
2,011	2,123	2,149
2,010	2,127	2,154
2,008	2,129	2,156
2,011	2,129	2,159
2,011	2,126	2,161
2,011	2,119	2,164
2,008	2,129	2,163
2,009	2,124	2,166
2,012	2,122	2,164
2,009	2,124	2,166
2,014	2,129	2,168
2,013	2,126	2,174
2,015	2,128	2,176
2,017	2,123	2,178
2,016	2,128	2,184
2,014	2,129	2,193
2,011	2,124	2,194
2,019	2,129	2,193
2,018	2,129	2,195
2,011	2,126	2,194
2,017	2,128	2,201
2,011	2,120	2,207
2,016	2,123	2,213
2,021	2,129	2,219
2,021	2,133	2,224
2,022	2,129	2,221
2,016	2,130	2,224
2,016	2,129	2,232
2,024	2,132	2,234
2,031	2,131	2,237
2,028	2,129	2,241
2,026	2,129	2,244
2,024	2,129	2,238
2,029	2,131	2,237
2,021	2,129	2,243
2,026	2,130	2,246
2,028	2,134	2,245
2,035	2,134	2,251
2,029	2,136	2,256
2,029	2,134	2,251
2,029	2,128	2,249
2,030	2,129	2,249
2,031	2,134	2,246
2,031	2,134	2,245
2,034	2,134	2,251
2,028	2,136	2,251
2,036	2,131	2,253
2,032	2,141	2,251
2,033	2,131	2,244
2,038	2,136	2,244
2,036	2,134	2,240
2,038	2,139	2,239
2,034	2,138	2,246
2,040	2,136	2,249
2,045	2,133	2,244
2,041	2,141	2,243
2,041	2,141	2,237
2,039	2,141	2,240
2,046	2,144	2,243
2,046	2,143	2,243
2,043	2,144	2,240
2,044	2,144	2,239
2,038	2,135	2,237
2,043	2,138	2,237
2,042	2,138	2,231
2,044	2,141	2,234
2,044	2,138	2,232
2,041	2,143	2,229
2,046	2,143	2,231
2,043	2,144	2,233
2,051	2,143	2,231
2,044	2,141	2,221
2,046	2,144	2,221
2,044	2,141	2,219
2,036	2,144	2,214
2,044	2,138	2,214
2,050	2,136	2,211
2,049	2,146	2,212
2,046	2,142	2,211
2,046	2,135	2,206
2,043	2,139	2,203
2,040	2,143	2,204
2,046	2,141	2,199
2,045	2,143	2,192
2,042	2,144	2,199
2,043	2,143	2,196
2,046	2,141	2,188
2,038	2,139	2,186
2,048	2,138	2,182
2,039	2,140	2,179
2,048	2,136	2,180
2,043	2,138	2,181
2,043	2,140	2,179
2,045	2,141	2,181
2,041	2,138	2,171
2,041	2,138	2,171
2,041	2,136	2,173
2,036	2,143	2,168
2,036	2,141	2,164
2,033	2,133	2,157
2,036	2,136	2,159
2,044	2,138	2,158
2,036	2,140	2,162
2,036	2,131	2,159
2,035	2,141	2,162
2,040	2,138	2,159
2,033	2,137	2,151
2,039	2,140	2,145
2,033	2,129	2,141
2,029	2,137	2,144
2,028	2,134	2,144
2,033	2,138	2,148
2,036	2,131	2,159
2,031	2,134	2,154
2,029	2,134	2,154
2,029	2,136	2,154
2,029	2,130	2,147
2,029	2,136	2,144
2,028	2,134	2,141
2,031	2,133	2,149
2,029	2,128	2,151
2,028	2,138	2,155
2,029	2,131	2,162
2,026	2,134	2,162
2,029	2,131	2,159
2,031	2,134	2,156
2,029	2,129	2,161
2,028	2,138	2,161
2,024	2,128	2,166
2,029	2,136	2,168
2,029	2,127	2,169
2,029	2,130	2,174
2,029	2,135	2,174
2,029	2,130	2,176
2,027	2,132	2,176
2,029	2,133	2,182
2,029	2,134	2,184
2,029	2,128	2,183
2,029	2,129	2,186
2,024	2,129	2,186
2,021	2,126	2,188
2,023	2,129	2,186
2,018	2,129	2,188
2,026	2,127	2,194
2,028	2,137	2,196
2,031	2,131	2,204
2,030	2,136	2,201
2,024	2,134	2,196
2,028	2,131	2,199
2,026	2,134	2,198
2,028	2,136	2,202
2,026	2,133	2,208
2,033	2,138	2,216
2,029	2,141	2,209
2,029	2,131	2,207
2,028	2,138	2,211
2,025	2,138	2,211
2,031	2,126	2,212
2,028	2,139	2,208
2,026	2,138	2,202
2,031	2,135	2,211
2,031	2,139	2,206
2,031	2,143	2,209
2,032	2,130	2,202
2,028	2,131	2,207
2,021	2,134	2,198
2,029	2,129	2,198
2,029	2,131	2,198
2,029	2,136	2,197
2,031	2,131	2,193
2,029	2,133	2,186
2,029	2,136	2,184
2,029	2,134	2,187
2,024	2,136	2,188
2,033	2,134	2,188
2,024	2,133	2,186
2,032	2,131	2,176
2,026	2,129	2,176
2,029	2,134	2,182
2,025	2,133	2,179
2,027	2,134	2,181
2,024	2,131	2,181
2,024	2,128	2,174
2,021	2,127	2,174
2,018	2,124	2,168
2,022	2,134	2,166
2,029	2,138	2,179
2,029	2,130	2,180
2,024	2,130	2,181
2,029	2,132	2,174
2,029	2,129	2,173
2,024	2,126	2,174
2,020	2,129	2,166
2,021	2,129	2,171
2,018	2,136	2,166
2,024	2,134	2,174
2,016	2,132	2,176
2,020	2,130	2,179
2,021	2,129	2,170
2,023	2,131	2,171
2,021	2,126	2,174
2,016	2,129	2,172
2,019	2,129	2,174
2,018	2,131	2,173
2,025	2,131	2,169
2,019	2,134	2,166
2,014	2,129	2,174
2,014	2,126	2,166
2,013	2,128	2,166
2,015	2,128	2,171
2,014	2,126	2,175
2,021	2,122	2,174
2,016	2,129	2,174
2,016	2,130	2,174
2,009	2,128	2,171
2,013	2,129	2,169
2,021	2,128	2,174
2,019	2,129	2,174
2,016	2,126	2,179
2,014	2,131	2,179
2,016	2,126	2,178
2,015	2,126	2,181
2,019	2,131	2,178
2,016	2,128	2,181
2,008	2,125	2,181
2,016	2,131	2,187
2,017	2,128	2,187
2,014	2,129	2,191
2,012	2,129	2,193
2,011	2,129	2,187
2,014	2,128	2,194
2,012	2,127	2,197
2,014	2,138	2,198
2,019	2,129	2,209
2,014	2,131	2,215
2,018	2,124	2,209
2,014	2,129	2,212
2,015	2,128	2,209
2,015	2,123	2,206
2,021	2,131	2,216
2,026	2,133	2,216
2,018	2,127	2,221
2,018	2,134	2,224
2,023	2,126	2,220
2,021	2,132	2,224
2,019	2,132	2,218
2,018	2,131	2,224
2,021	2,131	2,224
2,021	2,131	2,230
2,023	2,131	2,229
2,027	2,134	2,228
2,026	2,130	2,224
2,021	2,131	2,223
2,029	2,134	2,230
2,023	2,131	2,229
2,026	2,128	2,234
2,024	2,128	2,232
2,024	2,134	2,226
2,021	2,134	2,225
2,028	2,138	2,221
2,023	2,141	2,218
2,026	2,136	2,224
2,029	2,136	2,232
2,034	2,133	2,231
2,028	2,141	2,231
2,029	2,127	2,224
2,028	2,131	2,227
2,023	2,135	2,223
2,028	2,135	2,221
2,029	2,135	2,214
2,026	2,129	2,219
2,028	2,131	2,214
2,024	2,134	2,216
2,028	2,131	2,216
2,026	2,131	2,211
2,028	2,131	2,216
2,026	2,131	2,224
2,026	2,134	2,216
2,028	2,133	2,215
2,034	2,134	2,219
2,029	2,136	2,216
2,036	2,129	2,218
2,033	2,134	2,213
2,028	2,143	2,209
2,032	2,141	2,216
2,034	2,134	2,208
2,037	2,136	2,217
2,033	2,136	2,219
2,034	2,136	2,216
2,029	2,136	2,216
2,033	2,136	2,210
2,036	2,131	2,212
2,029	2,130	2,211
2,034	2,138	2,211
2,034	2,130	2,209
2,033	2,128	2,208
2,039	2,139	2,206
2,033	2,136	2,203
2,041	2,141	2,206
2,038	2,134	2,206
2,033	2,134	2,207
2,033	2,138	2,206
2,029	2,136	2,201
2,031	2,133	2,206
2,031	2,136	2,208
2,036	2,141	2,206
2,033	2,133	2,203
2,031	2,138	2,201
2,035	2,143	2,209
2,034	2,137	2,209
2,036	2,138	2,204
2,031	2,138	2,206
2,038	2,136	2,206
2,038	2,136	2,204
2,031	2,136	2,201
2,031	2,131	2,199
2,031	2,138	2,198
2,031	2,138	2,206
2,033	2,139	2,200
2,036	2,136	2,199
2,039	2,136	2,207
2,034	2,138	2,208
2,036	2,137	2,201
2,039	2,140	2,207
2,036	2,135	2,196
2,031	2,134	2,198
2,036	2,134	2,204
2,034	2,136	2,201
2,036	2,138	2,205
2,036	2,141	2,199
2,033	2,141	2,207
2,043	2,138	2,206
2,033	2,136	2,200
2,036	2,131	2,199
2,033	2,138	2,199
2,025	2,133	2,199
2,033	2,134	2,194
2,034	2,136	2,196
2,036	2,138	2,196
2,036	2,143	2,191
2,033	2,134	2,198
2,033	2,141	2,194
2,034	2,141	2,192
2,033	2,138	2,188
2,033	2,138	2,186
2,036	2,136	2,187
2,033	2,134	2,187
2,033	2,134	2,185
2,031	2,128	2,174
2,031	2,135	2,174
2,029	2,138	2,174
2,029	2,134	2,176
2,033	2,129	2,177
2,028	2,132	2,182
2,034	2,136	2,174
2,029	2,131	2,174
2,026	2,136	2,172
2,029	2,131	2,166
2,028	2,131	2,166
2,028	2,129	2,161
2,029	2,134	2,167
2,029	2,131	2,165
2,028	2,136	2,166
2,028	2,129	2,166
2,023	2,133	2,166
2,028	2,133	2,163
2,021	2,133	2,171
2,026	2,129	2,171
2,028	2,129	2,174
2,028	2,129	2,166
2,031	2,129	2,164
2,025	2,131	2,169
2,026	2,129	2,168
2,024	2,131	2,169
2,021	2,129	2,169
2,028	2,129	2,175
2,028	2,136	2,177
2,026	2,130	2,179
2,022	2,128	2,171
2,021	2,126	2,165
2,029	2,128	2,171
2,024	2,131	2,173
2,026	2,128	2,174
2,021	2,131	2,179
2,024	2,131	2,180
2,021	2,129	2,182
2,026	2,128	2,178
2,023	2,128	2,181
2,022	2,128	2,181
2,021	2,131	2,178
2,018	2,129	2,174
2,019	2,129	2,173
2,024	2,131	2,174
2,019	2,131	2,176
2,023	2,129	2,189
2,029	2,131	2,193
2,029	2,126	2,194
2,021	2,136	2,186
2,018	2,129	2,185
2,021	2,129	2,187
2,022	2,134	2,188
2,024	2,135	2,188
2,028	2,128	2,193
2,024	2,130	2,197
2,020	2,133	2,196
2,022	2,130	2,202
2,024	2,132	2,202
2,021	2,136	2,198
2,023	2,126	2,198
2,029	2,134	2,199
2,028	2,134	2,207
2,028	2,139	2,211
2,026	2,134	2,203
2,021	2,134	2,204
2,026	2,133	2,201
2,026	2,130	2,204
2,026	2,134	2,203
2,025	2,134	2,209
2,026	2,129	2,207
2,031	2,128	2,210
2,026	2,129	2,204
2,023	2,132	2,206
2,027	2,136	2,198
2,024	2,129	2,193
2,029	2,134	2,194
2,028	2,129	2,196
2,026	2,131	2,199
2,028	2,137	2,204
2,029	2,131	2,199
2,024	2,128	2,193
2,029	2,132	2,191
2,019	2,128	2,186
2,019	2,134	2,188
2,026	2,135	2,193
2,021	2,136	2,193
2,029	2,132	2,193
2,026	2,131	2,190
2,026	2,129	2,193
2,023	2,129	2,188
2,025	2,131	2,194
2,028	2,134	2,193
2,029	2,130	2,199
2,026	2,133	2,196
2,026	2,136	2,196
2,017	2,133	2,194
2,029	2,128	2,195
2,024	2,131	2,191
2,029	2,129	2,201
2,021	2,134	2,206
2,029	2,137	2,204
2,026	2,129	2,204
2,029	2,129	2,206
2,026	2,131	2,207
2,024	2,129	2,199
2,024	2,134	2,194
2,024	2,135	2,190
2,024	2,131	2,198
2,029	2,128	2,206
2,024	2,132	2,206
2,024	2,131	2,196
2,029	2,134	2,204
2,019	2,131	2,196
2,026	2,132	2,198
2,029	2,131	2,204
2,019	2,131	2,200
2,024	2,136	2,196
2,029	2,133	2,198
2,028	2,133	2,198
2,027	2,131	2,199
2,028	2,138	2,201
2,026	2,133	2,206
2,029	2,134	2,206
2,021	2,136	2,201
2,022	2,133	2,198
2,029	2,136	2,201
2,026	2,132	2,204
2,026	2,136	2,201
2,028	2,131	2,206
2,026	2,134	2,205
2,029	2,129	2,206
2,030	2,136	2,203
2,026	2,131	2,209
2,029	2,131	2,207
2,034	2,129	2,208
2,031	2,134	2,204
2,030	2,130	2,206
2,026	2,133	2,199
2,024	2,133	2,196
2,026	2,130	2,207
2,031	2,135	2,208
2,031	2,129	2,206
2,031	2,138	2,206
2,028	2,136	2,200
2,032	2,136	2,203
2,033	2,134	2,204
2,036	2,136	2,206
2,032	2,135	2,206
2,032	2,136	2,209
2,028	2,138	2,206
2,031	2,136	2,206
2,029	2,136	2,207
2,031	2,131	2,211
2,030	2,141	2,215
2,028	2,139	2,214
2,032	2,136	2,211
2,028	2,131	2,207
2,036	2,133	2,205
2,034	2,133	2,209
2,031	2,138	2,212
2,032	2,134	2,214
2,029	2,138	2,219
2,038	2,136	2,215
2,031	2,142	2,217
2,028	2,144	2,212
2,032	2,142	2,216
2,038	2,136	2,216
2,029	2,137	2,220
2,039	2,137	2,211
2,031	2,144	2,212
2,034	2,138	2,209
2,033	2,136	2,212
2,031	2,138	2,212
2,036	2,138	2,212
2,041	2,140	2,211
2,038	2,143	2,211
2,039	2,133	2,201
2,037	2,138	2,207
2,036	2,134	2,206
2,036	2,139	2,204
2,036	2,141	2,196
2,036	2,137	2,197
2,037	2,136	2,194
2,036	2,138	2,201
2,041	2,138	2,199
2,039	2,136	2,201
2,031	2,136	2,195
2,033	2,134	2,191
2,036	2,138	2,191
2,037	2,140	2,187
2,036	2,137	2,193
2,039	2,133	2,190
2,041	2,147	2,191
2,036	2,138	2,189
2,036	2,141	2,191
2,036	2,142	2,185
2,036	2,136	2,185
2,041	2,134	2,184
2,032	2,143	2,184
2,032	2,138	2,181
2,038	2,136	2,180
2,031	2,131	2,181
2,033	2,133	2,173
2,028	2,138	2,174
2,026	2,141	2,166
2,028	2,138	2,169
2,032	2,133	2,166
2,026	2,134	2,166
2,028	2,138	2,169
2,031	2,136	2,162
2,029	2,133	2,161
2,024	2,133	2,149
2,023	2,133	2,156
2,028	2,131	2,154
2,028	2,134	2,157
2,031	2,130	2,162
2,027	2,138	2,159
2,026	2,136	2,159
2,027	2,135	2,157
2,023	2,133	2,162
2,028	2,138	2,162
2,031	2,136	2,165
2,031	2,134	2,167
2,024	2,129	2,166
2,029	2,133	2,167
2,021	2,138	2,166
2,024	2,136	2,174
2,026	2,131	2,174
2,025	2,131	2,175
2,026	2,133	2,174
2,028	2,128	2,176
2,026	2,131	2,184
2,028	2,141	2,186
2,029	2,129	2,188
2,021	2,136	2,191
2,019	2,134	2,181
2,021	2,131	2,194
2,024	2,136	2,188
2,023	2,131	2,192
2,023	2,131	2,199
2,035	2,134	2,201
2,029	2,131	2,204
2,028	2,127	2,201
2,026	2,132	2,207
2,026	2,134	2,206
2,023	2,132	2,206
2,029	2,138	2,211
2,024	2,132	2,210
2,031	2,132	2,212
2,026	2,137	2,211
2,027	2,136	2,206
2,026	2,136	2,211
2,028	2,134	2,215
2,028	2,138	2,221
2,031	2,138	2,221
2,028	2,138	2,219
2,036	2,133	2,219
2,029	2,136	2,218
2,032	2,136	2,218
2,029	2,131	2,224
2,033	2,136	2,224
2,026	2,138	2,217
2,035	2,136	2,216
2,028	2,139	2,212
2,026	2,139	2,216
2,024	2,134	2,212
2,029	2,129	2,212
2,028	2,131	2,212
2,029	2,134	2,205
2,029	2,134	2,206
2,026	2,133	2,206
2,026	2,139	2,205
2,016	2,133	2,201
2,021	2,142	2,188
2,024	2,136	2,187
2,026	2,134	2,191
2,021	2,129	2,194
2,019	2,138	2,188
2,025	2,134	2,186
2,018	2,138	2,176
2,026	2,131	2,178
2,027	2,134	2,182
2,021	2,133	2,179
2,021	2,138	2,173
2,019	2,136	2,176
2,029	2,134	2,173
2,023	2,128	2,179
2,019	2,138	2,178
2,024	2,131	2,173
2,016	2,131	2,171
2,016	2,129	2,172
2,018	2,129	2,173
2,019	2,136	2,169
2,021	2,136	2,174
2,018	2,129	2,170
2,021	2,128	2,165
2,016	2,128	2,166
2,016	2,133	2,166
2,022	2,129	2,166
2,021	2,128	2,169
2,016	2,133	2,166
2,012	2,128	2,163
2,016	2,132	2,161
2,016	2,126	2,161
2,009	2,129	2,156
2,019	2,126	2,161
2,014	2,128	2,164
2,013	2,129	2,163
2,012	2,129	2,166
2,008	2,128	2,167
2,009	2,128	2,156
2,014	2,125	2,153
2,016	2,129	2,159
2,011	2,129	2,163
2,011	2,128	2,167
2,011	2,129	2,166
2,014	2,129	2,161
2,016	2,131	2,163
2,011	2,126	2,168
2,011	2,137	2,174
2,012	2,124	2,174
2,006	2,129	2,182
2,016	2,129	2,181
2,011	2,128	2,187
2,015	2,124	2,186
2,019	2,126	2,186
2,014	2,130	2,188
2,016	2,131	2,191
2,016	2,137	2,207
2,016	2,129	2,212
2,022	2,129	2,211
2,018	2,131	2,212
2,019	2,134	2,214
2,016	2,124	2,219
2,017	2,131	2,217
2,016	2,131	2,226
2,024	2,136	2,231
2,025	2,133	2,236
2,026	2,131	2,239
2,024	2,134	2,239
2,026	2,133	2,239
2,026	2,138	2,237
2,026	2,131	2,238
2,029	2,136	2,244
2,029	2,138	2,251
2,031	2,136	2,257
2,031	2,141	2,256
2,027	2,136	2,257
2,029	2,138	2,251
2,032	2,136	2,254
2,034	2,131	2,246
2,029	2,138	2,250
2,033	2,137	2,253
2,038	2,138	2,256
2,042	2,144	2,256
2,043	2,138	2,251
2,031	2,134	2,252
2,036	2,141	2,249
2,036	2,141	2,251
2,046	2,144	2,259
2,046	2,143	2,252
2,043	2,141	2,254
2,048	2,144	2,251
2,043	2,143	2,249
2,046	2,140	2,251
2,048	2,141	2,251
2,049	2,143	2,254
2,049	2,143	2,256
2,048	2,143	2,246
2,041	2,147	2,239
2,048	2,144	2,242
2,046	2,137	2,239
2,049	2,143	2,238
2,049	2,138	2,241
2,048	2,141	2,236
2,051	2,143	2,235
2,045	2,143	2,232
2,051	2,139	2,227
2,051	2,147	2,224
2,051	2,140	2,222
2,051	2,144	2,217
2,051	2,145	2,212
2,045	2,143	2,216
2,054	2,144	2,219
2,051	2,144	2,215
2,053	2,143	2,212
2,046	2,144	2,203
2,048	2,148	2,194
2,057	2,144	2,199
2,051	2,143	2,198
2,049	2,145	2,194
2,054	2,144	2,193
2,051	2,143	2,188
2,044	2,143	2,182
2,046	2,141	2,182
2,053	2,144	2,181
2,051	2,146	2,181
2,044	2,144	2,169
2,051	2,143	2,166
2,041	2,136	2,166
2,048	2,141	2,166
2,048	2,143	2,166
2,046	2,143	2,161
2,043	2,139	2,157
2,046	2,138	2,151
2,047	2,139	2,148
2,046	2,143	2,149
2,044	2,145	2,146
2,041	2,139	2,145
2,041	2,138	2,143
2,041	2,139	2,141
2,036	2,138	2,141
2,043	2,141	2,134
2,042	2,146	2,142
2,041	2,136	2,137
2,041	2,141	2,141
2,040	2,138	2,137
2,037	2,138	2,139
2,041	2,138	2,138
2,041	2,138	2,145
2,041	2,141	2,149
2,038	2,143	2,147
2,038	2,133	2,147
2,036	2,141	2,149
2,042	2,144	2,149
2,038	2,131	2,149
2,039	2,137	2,160
2,038	2,143	2,166
2,036	2,141	2,166
2,039	2,133	2,164
2,041	2,133	2,171
2,034	2,135	2,177
2,039	2,139	2,174
2,038	2,137	2,168
2,034	2,133	2,176
2,038	2,139	2,182
2,034	2,136	2,185
2,043	2,137	2,193
2,033	2,136	2,193
2,035	2,134	2,194
2,033	2,136	2,193
2,036	2,131	2,197
2,036	2,134	2,194
2,038	2,138	2,196
2,039	2,137	2,201
2,034	2,128	2,207
2,032	2,138	2,206
2,036	2,141	2,203
2,033	2,139	2,204
2,036	2,136	2,201
2,038	2,138	2,207
2,036	2,137	2,198
2,033	2,143	2,204
2,038	2,136	2,212
2,036	2,138	2,206
2,034	2,136	2,206
2,033	2,138	2,204
2,036	2,138	2,201
2,037	2,136	2,198
2,032	2,144	2,194
2,036	2,138	2,199
2,038	2,137	2,194
2,033	2,134	2,193
2,028	2,130	2,187
2,031	2,134	2,189
2,029	2,136	2,188
2,033	2,133	2,190
2,028	2,138	2,186
2,025	2,131	2,181
2,028	2,139	2,176
2,028	2,131	2,173
2,026	2,133	2,169
2,036	2,136	2,174
2,029	2,136	2,169
2,026	2,128	2,174
2,030	2,132	2,166
2,029	2,134	2,163
2,028	2,132	2,166
2,029	2,139	2,163
2,029	2,133	2,162
2,022	2,136	2,156
2,026	2,136	2,154
2,027	2,131	2,149
2,019	2,131	2,142
2,026	2,128	2,149
2,021	2,126	2,141
2,018	2,132	2,146
2,022	2,128	2,141
2,019	2,135	2,140
2,016	2,131	2,136
2,016	2,129	2,134
2,015	2,129	2,139
2,014	2,129	2,130
2,016	2,129	2,138
2,008	2,135	2,134
2,014	2,123	2,124
2,016	2,128	2,126
2,018	2,123	2,129
2,013	2,126	2,126
2,014	2,118	2,131
2,008	2,126	2,132
2,006	2,124	2,129
2,009	2,118	2,128
2,006	2,126	2,129
2,007	2,124	2,129
2,006	2,126	2,134
2,011	2,129	2,139
2,006	2,128	2,139
2,003	2,119	2,141
2,007	2,124	2,138
2,011	2,124	2,141
2,011	2,129	2,150
2,008	2,120	2,162
2,006	2,126	2,161
2,007	2,122	2,169
2,006	2,128	2,166
2,007	2,132	2,173
2,006	2,128	2,176
2,006	2,129	2,186
2,008	2,124	2,182
2,014	2,129	2,186
2,013	2,129	2,194
2,014	2,126	2,199
2,011	2,129	2,206
2,016	2,129	2,208
2,016	2,128	2,212
2,010	2,126	2,217
2,016	2,129	2,216
2,013	2,128	2,221
2,013	2,128	2,224
2,013	2,129	2,223
2,016	2,128	2,231
2,018	2,129	2,235
2,020	2,128	2,241
2,019	2,131	2,246
2,016	2,131	2,250
2,021	2,134	2,249
2,023	2,131	2,249
2,022	2,129	2,254
2,026	2,130	2,252
2,024	2,131	2,256
2,029	2,130	2,264
2,031	2,132	2,262
2,026	2,130	2,264
2,028	2,133	2,267
2,029	2,134	2,264
2,034	2,141	2,264
2,033	2,139	2,264
2,033	2,141	2,272
2,036	2,138	2,269
2,039	2,136	2,274
2,036	2,138	2,274
2,034	2,137	2,277
2,034	2,143	2,272
2,036	2,138	2,269
2,039	2,143	2,269
2,036	2,143	2,269
2,042	2,141	2,269
2,041	2,141	2,264
2,041	2,146	2,264
2,039	2,136	2,256
2,041	2,144	2,259
2,045	2,138	2,262
2,041	2,144	2,265
2,046	2,143	2,256
2,043	2,142	2,251
2,046	2,138	2,249
2,050	2,144	2,243
2,043	2,148	2,242
2,043	2,144	2,238
2,043	2,145	2,236
2,048	2,147	2,241
2,052	2,144	2,230
2,041	2,144	2,237
2,051	2,136	2,229
2,046	2,136	2,231
2,046	2,143	2,226
2,048	2,143	2,226
2,043	2,144	2,219
2,040	2,143	2,218
2,039	2,141	2,221
2,046	2,146	2,221
2,048	2,141	2,220
2,045	2,141	2,219
2,052	2,141	2,206
2,048	2,146	2,212
2,049	2,143	2,206
2,049	2,143	2,206
2,051	2,138	2,209
2,043	2,143	2,206
2,048	2,141	2,206
2,046	2,143	2,194
2,051	2,140	2,196
2,048	2,142	2,193
2,051	2,146	2,196
2,049	2,145	2,194
2,049	2,138	2,186
2,049	2,144	2,181
2,048	2,143	2,173
2,051	2,141	2,176
2,049	2,143	2,178
2,047	2,141	2,174
2,044	2,140	2,174
2,044	2,141	2,171
2,043	2,141	2,171
2,043	2,141	2,162
2,042	2,140	2,161
2,041	2,143	2,162
2,049	2,138	2,166
2,046	2,147	2,164
2,048	2,139	2,165
2,043	2,138	2,169
2,041	2,139	2,156
2,042	2,144	2,162
2,041	2,141	2,156
2,046	2,138	2,164
2,036	2,143	2,166
2,048	2,143	2,173
2,045	2,141	2,174
2,048	2,137	2,176
2,048	2,139	2,182
2,043	2,144	2,181
2,043	2,145	2,187
2,040	2,142	2,181
2,041	2,142	2,193
2,045	2,143	2,184
2,046	2,144	2,184
2,038	2,141	2,186
2,043	2,141	2,189
2,045	2,141	2,188
2,038	2,133	2,186
2,041	2,143	2,187
2,046	2,143	2,189
2,043	2,143	2,186
2,041	2,141	2,186
2,039	2,138	2,181
2,033	2,139	2,181
2,036	2,138	2,173
2,043	2,138	2,173
2,039	2,141	2,179
2,039	2,139	2,181
2,038	2,136	2,181
2,042	2,141	2,179
2,039	2,136	2,174
2,038	2,143	2,171
2,041	2,138	2,170
2,033	2,131	2,168
2,032	2,134	2,169
2,029	2,144	2,174
2,039	2,146	2,174
2,036	2,139	2,174
2,041	2,142	2,176
2,035	2,134	2,176
2,031	2,134	2,173
2,034	2,138	2,174
2,036	2,138	2,173
2,031	2,141	2,176
2,033	2,141	2,168
2,033	2,136	2,179
2,034	2,136	2,174
2,028	2,133	2,171
2,031	2,138	2,174
2,036	2,137	2,174
2,031	2,141	2,174
2,031	2,141	2,172
2,029	2,136	2,171
2,029	2,139	2,166
2,031	2,136	2,173
2,033	2,136	2,166
2,024	2,136	2,166
2,023	2,134	2,164
2,028	2,136	2,158
2,029	2,138	2,162
2,028	2,143	2,161
2,026	2,136	2,154
2,024	2,134	2,159
2,033	2,135	2,158
2,026	2,127	2,159
2,029	2,134	2,162
2,029	2,133	2,166
2,026	2,136	2,159
2,024	2,128	2,158
2,029	2,131	2,163
2,029	2,134	2,161
2,026	2,131	2,162
2,024	2,134	2,164
2,026	2,130	2,167
2,026	2,131	2,172
2,026	2,128	2,173
2,029	2,131	2,181
2,026	2,128	2,180
2,028	2,134	2,177
2,028	2,134	2,184
2,025	2,132	2,179
2,026	2,134	2,187
2,026	2,131	2,187
2,023	2,129	2,191
2,029	2,131	2,188
2,028	2,136	2,186
2,026	2,134	2,186
2,029	2,133	2,191
2,029	2,135	2,191
2,026	2,132	2,196
2,029	2,143	2,194
2,029	2,133	2,194
2,027	2,139	2,199
2,028	2,131	2,198
2,026	2,138	2,198
2,029	2,131	2,198
2,025	2,131	2,199
2,034	2,138	2,199
2,031	2,136	2,203
2,027	2,138	2,208
2,028	2,131	2,204
2,029	2,128	2,203
2,032	2,134	2,204
2,026	2,134	2,206
2,029	2,141	2,207
2,033	2,136	2,209
2,028	2,136	2,216
2,033	2,134	2,211
2,029	2,131	2,211
2,030	2,133	2,211
2,028	2,141	2,214
2,033	2,136	2,209
2,031	2,133	2,213
2,031	2,130	2,212
2,032	2,138	2,212
2,031	2,138	2,216
2,031	2,144	2,219
2,033	2,136	2,218
2,031	2,139	2,218
2,029	2,139	2,218
2,036	2,137	2,215
2,032	2,139	2,218
2,036	2,138	2,218
2,036	2,134	2,211
2,036	2,141	2,210
2,034	2,137	2,211
2,033	2,138	2,216
2,033	2,143	2,219
2,038	2,143	2,219
2,038	2,138	2,214
2,039	2,141	2,212
2,034	2,143	2,208
2,034	2,143	2,211
2,036	2,138	2,212
2,038	2,141	2,211
2,043	2,136	2,218
2,033	2,141	2,218
2,043	2,138	2,219
2,037	2,136	2,208
2,037	2,141	2,211
2,038	2,139	2,212
2,046	2,143	2,216
2,043	2,139	2,213
2,037	2,138	2,215
2,044	2,144	2,212
2,041	2,138	2,211
2,036	2,141	2,209
2,044	2,141	2,212
2,030	2,144	2,205
2,041	2,141	2,206
2,041	2,143	2,211
2,044	2,138	2,212
2,041	2,144	2,214
2,043	2,143	2,209
2,043	2,138	2,207
2,039	2,143	2,201
2,043	2,134	2,193
2,036	2,141	2,189
2,046	2,143	2,199
2,045	2,141	2,199
2,041	2,141	2,196
2,036	2,139	2,186
2,037	2,143	2,186
2,033	2,138	2,181
2,044	2,143	2,183
2,041	2,143	2,193
2,043	2,143	2,186
2,043	2,137	2,192
2,039	2,151	2,191
2,041	2,144	2,191
2,043	2,137	2,187
2,036	2,142	2,186
2,040	2,130	2,180
2,036	2,141	2,183
2,038	2,143	2,189
2,043	2,141	2,194
2,041	2,138	2,193
2,047	2,138	2,186
2,046	2,141	2,186
2,034	2,136	2,186
2,036	2,138	2,186
2,033	2,141	2,188
2,035	2,136	2,189
2,041	2,144	2,187
2,043	2,138	2,182
2,032	2,134	2,181
2,038	2,143	2,184
2,039	2,139	2,187
2,035	2,141	2,181
2,040	2,141	2,181
2,033	2,136	2,177
2,034	2,134	2,178
2,033	2,138	2,179
2,039	2,143	2,173
2,035	2,131	2,176
2,038	2,143	2,178
2,034	2,142	2,179
2,036	2,137	2,181
2,036	2,140	2,173
2,036	2,136	2,179
2,043	2,139	2,174
2,036	2,144	2,174
2,041	2,143	2,176
2,041	2,136	2,176
2,036	2,136	2,181
2,038	2,138	2,177
2,039	2,136	2,176
2,036	2,138	2,181
2,041	2,141	2,181
2,038	2,138	2,184
2,036	2,138	2,182
2,038	2,138	2,177
2,036	2,136	2,181
2,034	2,136	2,179
2,036	2,134	2,188
2,039	2,136	2,184
2,041	2,138	2,184
2,039	2,136	2,184
2,032	2,138	2,181
2,033	2,141	2,178
2,033	2,139	2,181
2,041	2,134	2,188
2,033	2,146	2,181
2,034	2,137	2,177
2,033	2,138	2,181
2,034	2,137	2,184
2,033	2,143	2,188
2,033	2,144	2,191
2,029	2,142	2,191
2,038	2,143	2,189
2,032	2,139	2,183
2,036	2,143	2,178
2,036	2,138	2,184
2,036	2,143	2,191
2,039	2,138	2,191
2,033	2,138	2,194
2,036	2,141	2,196
2,034	2,134	2,194
2,036	2,136	2,186
2,034	2,133	2,191
2,036	2,136	2,186
2,033	2,136	2,193
2,039	2,137	2,195
2,033	2,136	2,207
2,036	2,133	2,206
2,027	2,141	2,199
2,033	2,136	2,193
2,039	2,138	2,199
2,031	2,136	2,193
2,034	2,139	2,198
2,036	2,136	2,204
2,033	2,131	2,196
2,032	2,143	2,195
2,031	2,135	2,188
2,029	2,144	2,194
2,033	2,138	2,187
2,033	2,139	2,184
2,039	2,138	2,188
2,028	2,138	2,191
2,031	2,136	2,186
2,031	2,134	2,186
2,028	2,138	2,181
2,026	2,141	2,181
2,028	2,138	2,181
2,029	2,138	2,178
2,031	2,138	2,176
2,029	2,138	2,175
2,031	2,138	2,184
2,033	2,133	2,181
2,027	2,136	2,182
2,029	2,134	2,177
2,029	2,136	2,175
2,031	2,136	2,181
2,033	2,138	2,174
2,031	2,140	2,184
2,029	2,136	2,188
2,034	2,141	2,184
2,031	2,128	2,184
2,026	2,137	2,181
2,026	2,138	2,181
2,034	2,134	2,185
2,029	2,140	2,186
2,029	2,129	2,188
2,031	2,137	2,191
2,028	2,136	2,186
2,029	2,134	2,186
2,028	2,141	2,184
2,029	2,136	2,188
2,026	2,133	2,189
2,024	2,131	2,188
2,026	2,136	2,189
2,028	2,136	2,184
2,026	2,138	2,179
2,023	2,134	2,182
2,026	2,136	2,180
2,024	2,131	2,182
2,025	2,126	2,186
2,029	2,134	2,191
2,027	2,136	2,191
2,029	2,134	2,188
2,024	2,136	2,191
2,026	2,136	2,184
2,029	2,136	2,181
2,022	2,136	2,174
2,021	2,128	2,177
2,026	2,142	2,181
2,026	2,139	2,186
2,026	2,133	2,196
2,028	2,137	2,187
2,026	2,128	2,187
2,029	2,129	2,187
2,026	2,128	2,186
2,018	2,133	2,189
2,024	2,136	2,196
2,026	2,133	2,194
2,034	2,138	2,196
2,029	2,134	2,196
2,028	2,130	2,204
2,026	2,133	2,200
2,023	2,131	2,201
2,023	2,133	2,204
2,026	2,136	2,209
2,029	2,134	2,207
2,029	2,134	2,211
2,026	2,134	2,213
2,022	2,129	2,216
2,028	2,133	2,208
2,028	2,134	2,203
2,026	2,134	2,212
2,026	2,138	2,206
2,028	2,138	2,212
2,031	2,133	2,212
2,030	2,142	2,213
2,021	2,137	2,211
2,028	2,132	2,211
2,029	2,135	2,208
2,026	2,136	2,209
2,026	2,138	2,212
2,024	2,138	2,212
2,032	2,134	2,216
2,029	2,134	2,211
2,029	2,136	2,208
2,024	2,134	2,209
2,026	2,133	2,211
2,023	2,141	2,211
2,026	2,136	2,203
2,031	2,136	2,204
2,033	2,131	2,211
2,031	2,138	2,209
2,027	2,136	2,204
2,029	2,136	2,209
2,031	2,134	2,202
2,026	2,134	2,198
2,026	2,128	2,198
2,032	2,138	2,199
2,031	2,137	2,204
2,032	2,138	2,207
2,036	2,136	2,201
2,029	2,130	2,194
2,022	2,136	2,198
2,024	2,137	2,203
2,029	2,142	2,202
2,031	2,145	2,198
2,033	2,134	2,201
2,029	2,134	2,196
2,028	2,134	2,199
2,032	2,136	2,193
2,024	2,136	2,186
2,024	2,134	2,194
2,026	2,138	2,189
2,028	2,136	2,192
2,038	2,133	2,193
2,033	2,138	2,193
2,029	2,138	2,191
2,028	2,141	2,188
2,029	2,136	2,197
2,026	2,136	2,191
2,029	2,136	2,196
2,030	2,137	2,199
2,032	2,136	2,199
2,036	2,136	2,206
2,033	2,138	2,206
2,036	2,136	2,204
2,032	2,136	2,199
2,029	2,143	2,201
2,029	2,132	2,208
2,031	2,145	2,212
2,031	2,142	2,214
2,037	2,135	2,214
2,029	2,141	2,205
2,029	2,134	2,201
2,031	2,138	2,208
2,033	2,144	2,216
2,031	2,134	2,206
2,029	2,138	2,212
2,031	2,141	2,212
2,032	2,143	2,212
2,036	2,144	2,209
2,033	2,136	2,212
2,030	2,143	2,212
2,035	2,138	2,210
2,033	2,141	2,219
2,036	2,136	2,224
2,039	2,136	2,225
2,036	2,141	2,219
2,035	2,142	2,224
2,031	2,134	2,224
2,037	2,144	2,218
2,031	2,141	2,224
2,038	2,134	2,224
2,038	2,143	2,229
2,043	2,141	2,234
2,039	2,136	2,233
2,036	2,143	2,232
2,036	2,135	2,229
2,033	2,142	2,224
2,035	2,142	2,224
2,039	2,135	2,220
2,038	2,142	2,229
2,036	2,144	2,231
2,034	2,141	2,224
2,033	2,141	2,221
2,042	2,143	2,219
2,036	2,144	2,216
2,034	2,146	2,216
2,038	2,138	2,211
2,036	2,143	2,213
2,036	2,143	2,209
2,043	2,143	2,209
2,037	2,140	2,204
2,034	2,143	2,199
2,036	2,141	2,199
2,031	2,136	2,199
2,033	2,144	2,198
2,039	2,144	2,199
2,044	2,144	2,193
2,034	2,141	2,188
2,039	2,141	2,186
2,036	2,133	2,184
2,037	2,141	2,187
2,028	2,133	2,186
2,039	2,139	2,189
2,036	2,145	2,184
2,041	2,143	2,181
2,039	2,141	2,184
2,034	2,137	2,176
2,036	2,141	2,182
2,031	2,141	2,173
2,033	2,138	2,179
2,036	2,136	2,181
2,031	2,136	2,183
2,036	2,144	2,181
2,036	2,134	2,174
2,031	2,136	2,172
2,038	2,141	2,171
2,029	2,138	2,172
2,024	2,138	2,174
2,031	2,138	2,174
2,032	2,136	2,176
2,034	2,136	2,167
2,029	2,134	2,166
2,026	2,136	2,163
2,029	2,136	2,166
2,029	2,134	2,171
2,031	2,138	2,168
2,036	2,134	2,171
2,031	2,138	2,170
2,034	2,136	2,174
2,029	2,133	2,173
2,031	2,136	2,175
2,029	2,139	2,174
2,028	2,131	2,171
2,029	2,136	2,174
2,026	2,140	2,171
2,033	2,134	2,178
2,031	2,131	2,184
2,037	2,141	2,184
2,026	2,138	2,186
2,029	2,143	2,187
2,026	2,137	2,191
2,032	2,136	2,193
2,031	2,133	2,188
2,031	2,138	2,187
2,029	2,141	2,188
2,026	2,141	2,193
2,025	2,138	2,191
2,029	2,138	2,197
2,029	2,140	2,203
2,031	2,138	2,207
2,031	2,138	2,206
2,026	2,141	2,206
2,029	2,132	2,199
2,027	2,134	2,201
2,029	2,131	2,201
2,029	2,135	2,206
2,029	2,128	2,211
2,033	2,143	2,211
2,030	2,138	2,212
2,031	2,135	2,219
2,031	2,140	2,213
2,029	2,138	2,214
2,029	2,142	2,219
2,026	2,144	2,221
2,028	2,138	2,221
2,031	2,141	2,220
2,033	2,141	2,224
2,036	2,138	2,225
2,030	2,141	2,230
2,041	2,138	2,226
2,039	2,138	2,226
2,036	2,141	2,229
2,031	2,143	2,232
2,044	2,146	2,232
2,038	2,141	2,234
2,042	2,144	2,234
2,041	2,142	2,226
2,041	2,141	2,233
2,036	2,141	2,231
2,043	2,143	2,229
2,038	2,143	2,229
2,031	2,143	2,229
2,036	2,143	2,226
2,043	2,139	2,229
2,043	2,138	2,224
2,041	2,144	2,224
2,036	2,142	2,220
2,041	2,145	2,225
2,036	2,142	2,221
2,038	2,141	2,218
2,041	2,141	2,213
2,036	2,143	2,219
2,040	2,151	2,214
2,043	2,143	2,213
2,039	2,143	2,213
2,041	2,144	2,212
2,049	2,143	2,210
2,039	2,143	2,206
2,038	2,143	2,204
2,036	2,138	2,204
2,039	2,143	2,199
2,044	2,141	2,198
2,036	2,143	2,196
2,039	2,143	2,196
2,047	2,147	2,193
2,043	2,143	2,194
2,036	2,146	2,194
2,041	2,144	2,193
2,033	2,144	2,191
2,039	2,143	2,181
2,041	2,140	2,182
2,041	2,145	2,181
2,041	2,141	2,178
2,043	2,143	2,181
2,037	2,144	2,184
2,034	2,141	2,176
2,033	2,143	2,173
2,037	2,134	2,168
2,039	2,139	2,168
2,036	2,139	2,161
2,030	2,134	2,167
2,037	2,136	2,166
2,034	2,141	2,159
2,034	2,134	2,159
2,033	2,139	2,152
2,033	2,136	2,159
2,029	2,134	2,154
2,028	2,140	2,158
2,034	2,143	2,154
2,031	2,138	2,153
2,031	2,138	2,151
2,031	2,134	2,143
2,029	2,136	2,150
2,029	2,141	2,144
2,028	2,136	2,155
2,031	2,141	2,149
2,029	2,138	2,156
2,030	2,131	2,161
2,030	2,131	2,155
2,024	2,126	2,149
2,026	2,138	2,149
2,026	2,135	2,148
2,029	2,137	2,154
2,028	2,137	2,162
2,031	2,136	2,167
2,026	2,137	2,161
2,029	2,138	2,161
2,026	2,129	2,166
2,024	2,131	2,166
2,026	2,138	2,171
2,025	2,133	2,168
2,026	2,136	2,167
2,028	2,133	2,168
2,024	2,134	2,176
2,026	2,131	2,181
2,027	2,133	2,186
2,024	2,134	2,186
2,024	2,136	2,188
2,024	2,141	2,194
2,034	2,134	2,196
2,030	2,134	2,198
2,029	2,138	2,204
2,029	2,133	2,208
2,029	2,139	2,201
2,029	2,139	2,206
2,024	2,134	2,209
2,026	2,134	2,216
2,028	2,141	2,214
2,026	2,140	2,218
2,028	2,142	2,219
2,029	2,135	2,223
2,026	2,134	2,224
2,031	2,139	2,227
2,026	2,139	2,231
2,032	2,136	2,231
2,033	2,136	2,236
2,031	2,141	2,232
2,026	2,136	2,241
2,031	2,138	2,245
2,036	2,138	2,251
2,031	2,133	2,246
2,029	2,140	2,245
2,031	2,143	2,244
2,031	2,143	2,241
2,037	2,139	2,244
2,036	2,144	2,241
2,039	2,144	2,250
2,036	2,141	2,251
2,036	2,138	2,239
2,029	2,138	2,241
2,028	2,138	2,234
2,031	2,141	2,232
2,033	2,134	2,231
2,031	2,133	2,234
2,033	2,138	2,234
2,044	2,137	2,231
2,037	2,143	2,226
2,039	2,144	2,223
2,031	2,143	2,224
2,034	2,144	2,224
2,033	2,144	2,221
2,035	2,136	2,216
2,036	2,138	2,213
2,038	2,141	2,216
2,029	2,138	2,217
2,033	2,143	2,212
2,027	2,138	2,211
2,033	2,140	2,211
2,038	2,136	2,212
2,039	2,144	2,210
2,043	2,143	2,204
2,039	2,143	2,203
2,033	2,138	2,201
2,030	2,139	2,207
2,039	2,141	2,194
2,036	2,141	2,196
2,033	2,143	2,203
2,033	2,136	2,196
2,031	2,137	2,184
2,031	2,139	2,183
2,037	2,135	2,179
2,029	2,140	2,176
2,031	2,135	2,181
2,033	2,137	2,178
2,031	2,133	2,174
2,031	2,135	2,179
2,034	2,139	2,178
2,033	2,138	2,179
2,033	2,141	2,170
2,036	2,143	2,171
2,035	2,136	2,161
2,031	2,143	2,166
2,031	2,141	2,166
2,036	2,139	2,168
2,031	2,138	2,169
2,036	2,135	2,174
2,036	2,138	2,174
2,039	2,133	2,168
2,031	2,128	2,167
2,031	2,138	2,166
2,028	2,137	2,171
2,031	2,137	2,174
2,031	2,136	2,176
2,029	2,134	2,181
2,033	2,138	2,181
2,033	2,129	2,184
2,028	2,136	2,181
2,032	2,138	2,192
2,028	2,128	2,184
2,028	2,131	2,189
2,034	2,137	2,188
2,029	2,138	2,188
2,031	2,142	2,196
2,036	2,137	2,201
2,031	2,134	2,201
2,031	2,136	2,206
2,034	2,134	2,212
2,028	2,138	2,212
2,033	2,136	2,216
2,035	2,136	2,209
2,032	2,133	2,209
2,028	2,141	2,207
2,029	2,138	2,212
2,036	2,136	2,221
2,037	2,141	2,222
2,041	2,141	2,229
2,033	2,140	2,225
2,031	2,138	2,221
2,031	2,136	2,211
2,035	2,141	2,216
2,036	2,139	2,215
2,037	2,141	2,217
2,036	2,136	2,221
2,036	2,143	2,216
2,039	2,138	2,211
2,036	2,139	2,213
2,033	2,135	2,206
2,041	2,136	2,211
2,033	2,137	2,209
2,031	2,140	2,214
2,035	2,136	2,208
2,039	2,135	2,203
2,038	2,141	2,203
2,034	2,144	2,198
2,029	2,138	2,189
2,033	2,141	2,202
2,033	2,141	2,204
2,038	2,141	2,198
2,034	2,143	2,199
2,041	2,135	2,199
2,036	2,138	2,194
2,029	2,136	2,193
2,031	2,141	2,191
2,032	2,141	2,189
2,039	2,141	2,194
2,033	2,141	2,189
2,031	2,141	2,184
2,033	2,136	2,189
2,039	2,141	2,187
2,033	2,141	2,193
2,034	2,143	2,191
2,033	2,141	2,186
2,029	2,135	2,188
2,033	2,137	2,181
2,031	2,145	2,189
2,034	2,140	2,186
2,036	2,137	2,189
2,034	2,142	2,188
2,034	2,136	2,184
2,034	2,144	2,181
2,030	2,134	2,186
2,029	2,141	2,184
2,031	2,141	2,188
2,034	2,136	2,188
2,031	2,138	2,184
2,031	2,138	2,184
2,029	2,132	2,179
2,034	2,134	2,177
2,026	2,138	2,169
2,028	2,138	2,174
2,029	2,136	2,171
2,028	2,144	2,174
2,029	2,138	2,174
2,029	2,141	2,171
2,028	2,131	2,174
2,031	2,129	2,174
2,024	2,136	2,171
2,028	2,139	2,177
2,029	2,136	2,174
2,026	2,133	2,168
2,028	2,127	2,166
2,028	2,128	2,171
2,029	2,142	2,173
2,031	2,132	2,179
2,027	2,135	2,181
2,021	2,134	2,181
2,026	2,129	2,183
2,017	2,138	2,181
2,026	2,134	2,181
2,022	2,138	2,181
2,026	2,136	2,184
2,023	2,136	2,189
2,021	2,134	2,194
2,029	2,131	2,196
2,019	2,136	2,196
2,029	2,134	2,196
2,024	2,138	2,198
2,029	2,133	2,193
2,026	2,136	2,194
2,029	2,134	2,204
2,026	2,134	2,200
2,029	2,132	2,206
2,029	2,134	2,212
2,031	2,138	2,212
2,024	2,136	2,206
2,028	2,138	2,212
2,021	2,136	2,216
2,024	2,131	2,213
2,033	2,133	2,211
2,026	2,134	2,211
2,026	2,128	2,213
2,030	2,134	2,218
2,029	2,136	2,224
2,034	2,138	2,229
2,034	2,137	2,229
2,029	2,137	2,232
2,030	2,141	2,231
2,028	2,140	2,226
2,034	2,136	2,224
2,029	2,138	2,224
2,033	2,138	2,230
2,026	2,140	2,234
2,036	2,141	2,229
2,039	2,143	2,236
2,039	2,143	2,236
2,038	2,138	2,236
2,036	2,134	2,233
2,031	2,138	2,229
2,038	2,141	2,231
2,031	2,141	2,232
2,036	2,143	2,231
2,026	2,139	2,231
2,031	2,138	2,232
2,030	2,141	2,234
2,038	2,143	2,229
2,038	2,140	2,231
2,033	2,142	2,223
2,031	2,143	2,219
2,037	2,140	2,225
2,036	2,138	2,224
2,037	2,146	2,218
2,039	2,144	2,218
2,041	2,141	2,224
2,038	2,144	2,218
2,039	2,137	2,221
2,039	2,143	2,221
2,041	2,144	2,222
2,041	2,138	2,217
2,046	2,143	2,219
2,043	2,143	2,216
2,039	2,144	2,214
2,036	2,143	2,216
2,042	2,143	2,216
2,036	2,143	2,214
2,041	2,140	2,212
2,040	2,149	2,209
2,041	2,138	2,212
2,039	2,138	2,211
2,039	2,141	2,208
2,041	2,141	2,209
2,044	2,143	2,211
2,038	2,144	2,204
2,037	2,137	2,207
2,036	2,141	2,207
2,039	2,144	2,206
2,039	2,148	2,204
2,043	2,144	2,200
2,031	2,142	2,194
2,036	2,141	2,193
2,033	2,143	2,199
2,033	2,144	2,198
2,038	2,143	2,197
2,033	2,141	2,199
2,033	2,141	2,193
2,034	2,139	2,189
2,034	2,141	2,187
2,033	2,138	2,189
2,036	2,138	2,194
2,036	2,136	2,188
2,030	2,143	2,194
2,034	2,140	2,195
2,043	2,138	2,189
2,033	2,139	2,186
2,033	2,134	2,184
2,031	2,136	2,187
2,033	2,138	2,187
2,028	2,144	2,191
2,034	2,143	2,190
2,033	2,136	2,189
2,031	2,135	2,186
2,029	2,138	2,186
2,032	2,136	2,186
2,024	2,137	2,184
2,031	2,133	2,186
2,031	2,137	2,184
2,033	2,136	2,194
2,032	2,139	2,189
2,033	2,137	2,186
2,029	2,138	2,184
2,029	2,136	2,187
2,021	2,141	2,181
2,032	2,136	2,180
2,033	2,138	2,184
2,026	2,138	2,184
2,034	2,138	2,183
2,033	2,136	2,184
2,029	2,134	2,179
2,028	2,138	2,184
2,029	2,138	2,176
2,034	2,141	2,182
2,031	2,137	2,186
2,029	2,137	2,186
2,033	2,136	2,181
2,025	2,131	2,181
2,026	2,143	2,179
2,027	2,136	2,181
2,021	2,131	2,186
2,029	2,134	2,186
2,027	2,135	2,190
2,026	2,140	2,186
2,023	2,137	2,193
2,026	2,138	2,191
2,028	2,135	2,193
2,029	2,142	2,197
2,026	2,136	2,191
2,028	2,138	2,194
2,026	2,136	2,194
2,031	2,136	2,194
2,026	2,139	2,199
2,028	2,134	2,196
2,028	2,130	2,191
2,026	2,134	2,194
2,029	2,134	2,197
2,028	2,134	2,198
2,023	2,138	2,204
2,027	2,136	2,199
2,026	2,134	2,199
2,028	2,139	2,198
2,029	2,128	2,193
2,021	2,133	2,194
2,026	2,141	2,196
2,021	2,131	2,191
2,030	2,136	2,199
2,029	2,141	2,201
2,028	2,134	2,206
2,028	2,140	2,204
2,024	2,139	2,200
2,024	2,137	2,199
2,029	2,135	2,195
2,029	2,137	2,199
2,029	2,141	2,206
2,029	2,139	2,213
2,025	2,141	2,211
2,033	2,136	2,201
2,034	2,136	2,207
2,029	2,141	2,211
2,029	2,136	2,214
2,029	2,139	2,207
2,033	2,138	2,211
2,029	2,136	2,212
2,026	2,141	2,212
2,028	2,136	2,211
2,031	2,141	2,218
2,028	2,141	2,218
2,033	2,139	2,214
2,033	2,137	2,217
2,032	2,138	2,221
2,034	2,138	2,218
2,034	2,143	2,218
2,024	2,136	2,210
2,034	2,141	2,219
2,028	2,138	2,219
2,033	2,143	2,221
2,029	2,141	2,224
2,034	2,138	2,219
2,029	2,140	2,219
2,035	2,140	2,217
2,031	2,144	2,214
2,038	2,143	2,212
2,034	2,144	2,217
2,033	2,143	2,219
2,031	2,143	2,226
2,031	2,141	2,224
2,036	2,143	2,224
2,036	2,144	2,218
2,036	2,140	2,221
2,032	2,140	2,224
2,036	2,143	2,229
2,036	2,141	2,219
2,034	2,146	2,224
2,036	2,141	2,219
2,036	2,143	2,221
2,041	2,138	2,223
2,035	2,144	2,232
2,036	2,138	2,231
2,036	2,144	2,228
2,038	2,139	2,224
2,038	2,138	2,224
2,044	2,138	2,225
2,036	2,141	2,226
2,046	2,143	2,231
2,041	2,140	2,232
2,044	2,145	2,228
2,043	2,142	2,231
2,048	2,142	2,231
2,049	2,143	2,226
2,044	2,144	2,224
2,041	2,146	2,219
2,048	2,143	2,227
2,043	2,144	2,224
2,042	2,146	2,226
2,049	2,146	2,224
2,039	2,143	2,225
2,046	2,148	2,223
2,046	2,146	2,223
2,048	2,146	2,219
2,048	2,143	2,221
2,044	2,143	2,222
2,041	2,143	2,218
2,046	2,144	2,216
2,044	2,151	2,214
2,043	2,144	2,214
2,043	2,148	2,218
2,051	2,146	2,213
2,048	2,143	2,219
2,048	2,143	2,216
2,048	2,139	2,212
2,043	2,141	2,211
2,048	2,147	2,208
2,051	2,146	2,201
2,041	2,144	2,209
2,041	2,152	2,215
2,049	2,139	2,216
2,046	2,144	2,218
2,044	2,151	2,216
2,046	2,146	2,208
2,041	2,151	2,206
2,041	2,146	2,209
2,048	2,146	2,206
2,045	2,145	2,214
2,052	2,146	2,216
2,046	2,143	2,219
2,046	2,148	2,221
2,045	2,152	2,219
2,047	2,148	2,219
2,051	2,148	2,218
2,048	2,146	2,214
2,046	2,149	2,216
2,056	2,149	2,222
2,051	2,157	2,224
2,051	2,154	2,227
2,051	2,153	2,226
2,054	2,148	2,221
2,051	2,148	2,224
2,050	2,152	2,217
2,048	2,151	2,219
2,049	2,147	2,221
2,052	2,148	2,224
2,048	2,151	2,221
2,051	2,151	2,222
2,048	2,149	2,219
2,049	2,149	2,221
2,049	2,146	2,224
2,051	2,146	2,224
2,054	2,154	2,225
2,051	2,151	2,224
2,059	2,145	2,223
2,053	2,146	2,227
2,049	2,146	2,222
2,051	2,146	2,223
2,051	2,151	2,224
2,048	2,149	2,229
2,053	2,151	2,231
2,055	2,149	2,232
2,051	2,151	2,229
2,053	2,148	2,223
2,051	2,149	2,218
2,051	2,149	2,224
2,053	2,151	2,228
2,053	2,154	2,238
2,054	2,153	2,241
2,051	2,150	2,232
2,058	2,154	2,226
2,057	2,156	2,227
2,053	2,145	2,226
2,051	2,152	2,231
2,053	2,148	2,224
2,051	2,152	2,222
2,050	2,154	2,222
2,053	2,149	2,226
2,056	2,156	2,221
2,059	2,149	2,222
2,056	2,151	2,220
2,053	2,148	2,218
2,051	2,153	2,212
2,052	2,148	2,212
2,056	2,156	2,211
2,054	2,148	2,209
2,054	2,148	2,209
2,049	2,151	2,206
2,051	2,154	2,201
2,053	2,157	2,196
2,054	2,151	2,199
2,051	2,149	2,194
2,051	2,146	2,193
2,046	2,149	2,194
2,051	2,144	2,193
2,049	2,146	2,186
2,051	2,144	2,180
2,049	2,145	2,188
2,049	2,149	2,181
2,046	2,144	2,175
2,049	2,145	2,176
2,048	2,152	2,176
2,051	2,149	2,171
2,051	2,147	2,165
2,048	2,146	2,168
2,046	2,144	2,168
2,049	2,143	2,171
2,041	2,154	2,171
2,046	2,143	2,166
2,043	2,146	2,162
2,042	2,143	2,156
2,033	2,146	2,156
2,035	2,146	2,161
2,044	2,144	2,150
2,036	2,146	2,154
2,036	2,149	2,153
2,036	2,144	2,154
2,038	2,144	2,154
2,034	2,146	2,154
2,033	2,141	2,153
2,036	2,144	2,146
2,031	2,138	2,147
2,034	2,143	2,145
2,036	2,135	2,154
2,039	2,143	2,153
2,036	2,142	2,151
2,031	2,140	2,151
2,035	2,137	2,150
2,031	2,138	2,148
2,028	2,138	2,154
2,036	2,143	2,157
2,031	2,138	2,156
2,031	2,141	2,157
2,030	2,138	2,162
2,037	2,143	2,161
2,029	2,143	2,161
2,028	2,139	2,159
2,029	2,141	2,169
2,031	2,141	2,168
2,031	2,143	2,166
2,029	2,136	2,174
2,034	2,138	2,173
2,036	2,136	2,181
2,029	2,139	2,175
2,031	2,141	2,181
2,036	2,141	2,186
2,031	2,143	2,195
2,037	2,143	2,198
2,041	2,143	2,199
2,034	2,140	2,196
2,028	2,135	2,198
2,032	2,142	2,193
2,036	2,145	2,198
2,039	2,142	2,206
2,041	2,140	2,216
2,036	2,138	2,219
2,039	2,144	2,219
2,031	2,141	2,218
2,039	2,141	2,219
2,036	2,143	2,223
2,043	2,143	2,226
2,037	2,143	2,229
2,041	2,143	2,231
2,038	2,143	2,234
2,042	2,144	2,233
2,046	2,138	2,229
2,044	2,143	2,234
2,038	2,143	2,234
2,040	2,143	2,237
2,041	2,148	2,238
2,046	2,147	2,239
2,043	2,144	2,239
2,043	2,146	2,239
2,047	2,146	2,237
