Projekt Aerodynamik Übung CPM3
P_amb in [Pa]:  100463 T_amb in [K]: 291
Channel 1-3 HCL Druckdaten [V] 
2,802	2,934	2,993
2,798	2,941	2,963
2,795	2,944	2,904
2,807	2,941	2,902
2,800	2,936	2,942
2,810	2,943	2,929
2,815	2,941	2,956
2,817	2,939	2,976
2,827	2,939	2,964
2,827	2,926	2,949
2,810	2,931	2,959
2,802	2,934	3,026
2,805	2,932	3,024
2,802	2,931	3,011
2,812	2,932	2,989
2,818	2,931	2,969
2,815	2,926	2,946
2,820	2,931	2,944
2,828	2,934	2,931
2,821	2,925	2,952
2,827	2,933	2,959
2,827	2,930	2,961
2,819	2,928	2,987
2,816	2,930	3,003
2,805	2,928	2,997
2,810	2,919	2,952
2,817	2,925	2,938
2,822	2,934	2,924
2,820	2,924	2,917
2,827	2,931	2,926
2,834	2,931	2,944
2,820	2,931	2,957
2,812	2,931	2,931
2,805	2,931	2,895
2,802	2,928	2,894
2,804	2,929	2,919
2,810	2,931	2,924
2,815	2,934	2,936
2,814	2,932	2,944
2,817	2,931	2,903
2,820	2,932	2,887
2,822	2,936	2,869
2,825	2,934	2,870
2,822	2,929	2,887
2,817	2,919	2,891
2,793	2,929	2,857
2,792	2,929	2,867
2,789	2,922	2,899
2,800	2,921	2,924
2,802	2,932	2,939
2,803	2,933	2,937
2,799	2,933	2,938
2,794	2,931	2,936
2,782	2,930	2,947
2,782	2,927	2,922
2,787	2,929	2,887
2,792	2,929	2,876
2,790	2,921	2,849
2,794	2,919	2,824
2,792	2,921	2,799
2,782	2,922	2,843
2,782	2,924	2,867
2,777	2,918	2,882
2,790	2,918	2,896
2,795	2,919	2,907
2,792	2,924	2,894
2,794	2,922	2,905
2,797	2,916	2,887
2,787	2,922	2,877
2,783	2,919	2,872
2,775	2,919	2,883
2,780	2,921	2,896
2,775	2,924	2,897
2,777	2,926	2,915
2,781	2,921	2,906
2,787	2,914	2,935
2,790	2,904	2,938
2,775	2,914	2,963
2,777	2,919	2,989
2,782	2,921	2,970
2,780	2,910	2,950
2,788	2,911	2,937
2,795	2,910	2,934
2,790	2,912	2,949
2,797	2,909	2,941
2,794	2,912	2,924
2,795	2,914	2,934
2,809	2,909	2,939
2,802	2,911	2,941
2,800	2,907	2,933
2,797	2,916	2,899
2,805	2,917	2,896
2,805	2,913	2,897
2,807	2,916	2,868
2,807	2,922	2,869
2,800	2,919	2,912
2,812	2,919	2,917
2,812	2,919	2,949
2,815	2,921	2,964
2,812	2,916	2,981
2,810	2,923	2,963
2,797	2,919	2,963
2,802	2,914	2,924
2,805	2,914	2,884
2,807	2,909	2,887
2,804	2,926	2,907
2,802	2,927	2,904
2,800	2,925	2,922
2,797	2,932	2,912
2,806	2,923	2,937
2,803	2,924	2,949
2,814	2,927	2,982
2,813	2,924	3,001
2,810	2,921	3,034
2,805	2,924	3,026
2,793	2,926	2,969
2,802	2,919	2,974
2,813	2,931	2,993
2,813	2,929	3,011
2,817	2,930	3,016
2,813	2,934	2,990
2,807	2,936	2,977
2,811	2,934	2,972
2,807	2,933	2,949
2,807	2,934	2,957
2,800	2,933	2,931
2,795	2,932	2,932
2,816	2,931	2,965
2,825	2,929	2,988
2,823	2,934	3,014
2,817	2,934	3,037
2,817	2,931	3,023
2,812	2,938	3,014
2,817	2,936	3,023
2,823	2,941	3,019
2,817	2,941	3,006
2,815	2,930	3,005
2,812	2,934	2,956
2,817	2,931	2,944
2,822	2,930	2,934
2,817	2,924	2,945
2,807	2,931	2,926
2,797	2,924	2,906
2,794	2,924	2,899
2,797	2,929	2,882
2,807	2,926	2,875
2,804	2,926	2,877
2,807	2,921	2,864
2,807	2,920	2,851
2,808	2,919	2,827
2,804	2,931	2,836
2,803	2,931	2,816
2,807	2,921	2,782
2,795	2,929	2,772
2,792	2,926	2,793
2,795	2,921	2,794
2,787	2,919	2,780
2,777	2,919	2,784
2,776	2,919	2,779
2,778	2,917	2,735
2,780	2,914	2,724
2,785	2,909	2,751
2,781	2,902	2,814
2,784	2,911	2,817
2,775	2,913	2,791
2,775	2,913	2,784
2,775	2,906	2,787
2,784	2,905	2,784
2,783	2,913	2,804
2,785	2,907	2,805
2,780	2,907	2,809
2,785	2,907	2,796
2,789	2,909	2,816
2,795	2,916	2,829
2,794	2,907	2,822
2,793	2,916	2,881
2,787	2,911	2,901
2,790	2,916	2,887
2,795	2,909	2,921
2,792	2,912	2,914
2,794	2,916	2,946
2,794	2,919	2,932
2,790	2,910	2,959
2,775	2,914	2,955
2,775	2,912	2,959
2,777	2,912	2,984
2,780	2,914	2,982
2,790	2,914	2,975
2,779	2,919	2,956
2,785	2,916	2,936
2,782	2,913	2,944
2,792	2,909	2,968
2,801	2,909	3,002
2,802	2,910	3,053
2,798	2,906	3,058
2,794	2,909	3,051
2,794	2,916	3,033
2,802	2,910	2,986
2,802	2,912	2,961
2,800	2,909	2,956
2,798	2,909	2,946
2,792	2,912	2,921
2,794	2,916	2,947
2,789	2,921	3,016
2,806	2,918	3,023
2,797	2,924	3,058
2,798	2,926	3,046
2,792	2,921	3,068
2,794	2,926	3,083
2,787	2,921	3,048
2,795	2,921	3,026
2,809	2,919	3,001
2,794	2,929	3,012
2,785	2,929	3,034
2,795	2,929	2,979
2,794	2,929	2,962
2,804	2,921	2,984
2,818	2,911	2,989
2,820	2,911	2,966
2,812	2,920	2,977
2,815	2,924	2,990
2,819	2,920	2,994
2,809	2,923	3,001
2,803	2,918	3,001
2,805	2,919	3,019
2,805	2,922	3,038
2,795	2,926	3,056
2,792	2,923	3,052
2,784	2,923	3,023
2,790	2,919	2,993
2,795	2,929	2,978
2,792	2,927	2,981
2,782	2,919	2,989
2,792	2,916	2,984
2,794	2,914	2,993
2,797	2,913	2,970
2,805	2,919	2,949
2,807	2,919	2,932
2,805	2,920	2,979
2,810	2,916	3,022
2,801	2,922	3,013
2,793	2,919	2,963
2,789	2,919	2,936
2,787	2,914	2,887
2,782	2,919	2,876
2,793	2,911	2,897
2,787	2,918	2,932
2,790	2,915	2,957
2,792	2,908	2,936
2,789	2,909	2,912
2,789	2,907	2,919
2,792	2,900	2,929
2,805	2,897	2,914
2,797	2,901	2,899
2,792	2,896	2,897
2,792	2,901	2,919
2,786	2,899	2,937
2,783	2,899	2,914
2,787	2,896	2,909
2,782	2,896	2,887
2,789	2,892	2,895
2,785	2,892	2,882
2,791	2,892	2,874
2,777	2,891	2,867
2,780	2,897	2,864
2,782	2,902	2,859
2,787	2,904	2,852
2,789	2,896	2,812
2,785	2,894	2,839
2,788	2,901	2,874
2,795	2,906	2,882
2,785	2,909	2,897
2,787	2,904	2,878
2,785	2,909	2,874
2,773	2,905	2,836
2,775	2,898	2,821
2,784	2,903	2,797
2,787	2,903	2,853
2,789	2,899	2,869
2,794	2,900	2,854
2,787	2,901	2,857
2,783	2,901	2,878
2,787	2,907	2,864
2,792	2,907	2,864
2,789	2,907	2,899
2,796	2,918	2,892
2,792	2,913	2,908
2,782	2,912	2,874
2,785	2,904	2,869
2,782	2,902	2,831
2,785	2,904	2,841
2,790	2,911	2,861
2,794	2,912	2,894
2,787	2,913	2,919
2,780	2,902	2,899
2,789	2,899	2,901
2,792	2,907	2,925
2,794	2,914	2,944
2,791	2,914	2,943
2,792	2,916	2,937
2,792	2,919	2,932
2,795	2,918	2,944
2,787	2,917	2,990
2,782	2,921	3,018
2,779	2,920	3,056
2,775	2,925	3,013
2,762	2,922	2,987
2,770	2,924	3,009
2,775	2,921	3,019
2,782	2,928	3,038
2,795	2,936	3,044
2,792	2,932	3,026
2,784	2,929	3,055
2,797	2,928	3,065
2,799	2,931	3,067
2,795	2,931	3,079
2,789	2,931	3,063
2,790	2,934	3,053
2,797	2,933	3,063
2,792	2,928	3,074
2,787	2,931	3,076
2,797	2,927	3,047
2,788	2,921	3,027
2,792	2,924	3,038
2,792	2,929	3,039
2,787	2,934	3,006
2,782	2,934	3,001
2,783	2,931	2,993
2,775	2,922	2,963
2,780	2,934	2,956
2,777	2,933	2,924
2,775	2,932	2,924
2,773	2,936	2,946
2,789	2,932	2,938
2,786	2,932	2,929
2,793	2,931	2,944
2,787	2,927	2,984
2,782	2,931	2,959
2,784	2,928	2,918
2,776	2,934	2,906
2,765	2,929	2,878
2,762	2,928	2,865
2,775	2,931	2,885
2,772	2,929	2,882
2,784	2,924	2,864
2,794	2,921	2,841
2,785	2,921	2,822
2,789	2,921	2,816
2,784	2,922	2,857
2,775	2,929	2,866
2,782	2,924	2,861
2,794	2,919	2,887
2,792	2,919	2,909
2,787	2,924	2,932
2,785	2,921	2,944
2,784	2,918	2,917
2,773	2,924	2,932
2,780	2,925	2,920
2,779	2,918	2,907
2,777	2,922	2,941
2,779	2,921	2,979
2,782	2,916	2,947
2,787	2,915	2,913
2,778	2,914	2,887
2,775	2,919	2,884
2,775	2,914	2,879
2,775	2,916	2,906
2,789	2,912	2,924
2,795	2,911	2,948
2,789	2,916	2,932
2,773	2,918	2,879
2,772	2,914	2,913
2,775	2,924	2,924
2,779	2,926	2,906
2,787	2,926	2,932
2,773	2,929	2,916
2,768	2,924	2,901
2,772	2,929	2,917
2,777	2,931	2,926
2,774	2,931	2,920
2,776	2,927	2,900
2,775	2,919	2,892
2,780	2,919	2,869
2,775	2,928	2,879
2,785	2,924	2,912
2,788	2,918	2,924
2,789	2,923	2,924
2,787	2,918	2,901
2,782	2,930	2,899
2,777	2,931	2,906
2,782	2,930	2,932
2,782	2,932	2,934
2,784	2,926	2,927
2,790	2,932	2,922
2,799	2,932	2,930
2,795	2,932	2,930
2,804	2,931	2,953
2,804	2,928	2,999
2,803	2,929	3,014
2,795	2,922	3,028
2,777	2,924	3,026
2,777	2,931	3,012
2,774	2,929	3,022
2,774	2,922	3,048
2,771	2,929	3,026
2,768	2,924	3,013
2,780	2,926	3,003
2,782	2,931	3,063
2,789	2,934	3,065
2,791	2,926	3,024
2,794	2,926	2,969
2,797	2,921	2,993
2,792	2,927	2,966
2,782	2,931	2,938
2,770	2,932	2,977
2,777	2,935	2,988
2,775	2,931	2,994
2,772	2,930	2,996
2,770	2,926	3,014
2,772	2,931	3,014
2,774	2,931	2,976
2,776	2,931	2,957
2,789	2,929	2,971
2,787	2,929	2,982
2,787	2,929	2,998
2,792	2,932	2,976
2,793	2,926	2,994
2,792	2,934	3,037
2,790	2,939	3,048
2,795	2,939	3,056
2,800	2,937	3,044
2,806	2,939	3,036
2,815	2,934	3,020
2,813	2,939	3,026
2,808	2,939	3,038
2,805	2,941	3,038
2,802	2,936	3,013
2,794	2,938	3,029
2,808	2,935	3,004
2,802	2,942	2,981
2,798	2,943	2,994
2,797	2,938	3,027
2,792	2,937	3,002
2,779	2,934	3,005
2,797	2,945	3,001
2,813	2,938	3,039
2,803	2,944	3,053
2,807	2,946	3,048
2,805	2,941	3,031
2,802	2,941	3,031
2,801	2,941	3,012
2,810	2,945	3,014
2,812	2,943	3,038
2,810	2,946	3,061
2,807	2,949	3,056
2,793	2,941	3,002
2,797	2,939	2,982
2,794	2,944	2,988
2,795	2,952	3,001
2,810	2,944	3,044
2,802	2,946	3,059
2,794	2,941	3,038
2,796	2,934	3,018
2,794	2,941	2,994
2,789	2,934	2,987
2,795	2,935	2,987
2,789	2,946	3,001
2,796	2,944	2,995
2,789	2,940	3,002
2,785	2,935	3,021
2,777	2,936	3,058
2,785	2,939	3,075
2,789	2,944	3,076
2,775	2,944	3,063
2,774	2,946	3,069
2,767	2,938	3,056
2,762	2,943	3,038
2,770	2,944	3,059
2,769	2,949	3,074
2,783	2,946	3,067
2,792	2,946	3,073
2,790	2,939	3,048
2,789	2,944	3,048
2,789	2,952	3,067
2,784	2,957	3,073
2,790	2,959	3,039
2,795	2,954	3,009
2,790	2,959	2,972
2,782	2,959	2,940
2,782	2,959	2,986
2,792	2,957	3,038
2,783	2,954	3,036
2,774	2,949	3,034
2,775	2,947	3,045
2,780	2,949	3,046
2,789	2,945	3,053
2,784	2,946	3,058
2,794	2,947	3,050
2,805	2,945	3,009
2,797	2,949	2,993
2,792	2,946	2,996
2,792	2,949	2,984
2,794	2,951	2,978
2,778	2,946	2,956
2,780	2,954	2,947
2,780	2,943	2,975
2,777	2,949	2,981
2,775	2,959	2,973
2,786	2,954	2,963
2,777	2,949	2,944
2,785	2,946	2,959
2,792	2,954	2,992
2,794	2,951	3,010
2,795	2,949	2,999
2,789	2,952	3,001
2,781	2,943	2,979
2,775	2,954	2,936
2,787	2,955	2,944
2,789	2,944	2,919
2,789	2,949	2,944
2,778	2,941	2,971
2,777	2,939	2,984
2,774	2,941	2,962
2,777	2,950	2,932
2,777	2,950	2,937
2,782	2,947	2,916
2,780	2,941	2,919
2,776	2,945	2,934
2,773	2,942	2,914
2,777	2,943	2,969
2,780	2,949	3,027
2,777	2,943	3,001
2,787	2,944	2,962
2,800	2,944	2,962
2,810	2,942	2,979
2,805	2,949	2,954
2,802	2,943	2,924
2,801	2,948	2,912
2,794	2,959	2,912
2,799	2,952	2,914
2,800	2,949	2,950
2,792	2,952	2,971
2,797	2,954	2,992
2,801	2,954	2,982
2,801	2,946	2,973
2,799	2,946	3,009
2,795	2,949	3,025
2,792	2,944	3,029
2,792	2,945	3,026
2,785	2,947	3,040
2,799	2,948	3,038
2,803	2,950	3,018
2,805	2,953	2,989
2,805	2,941	2,994
2,800	2,947	2,968
2,797	2,955	2,956
2,800	2,949	2,996
2,794	2,948	2,988
2,800	2,946	2,975
2,795	2,954	2,989
2,794	2,952	3,009
2,795	2,951	3,011
2,795	2,951	3,016
2,805	2,956	3,018
2,815	2,954	3,026
2,812	2,959	3,011
2,799	2,949	2,982
2,794	2,954	3,004
2,778	2,952	2,979
2,790	2,951	2,966
2,802	2,946	2,974
2,805	2,951	2,949
2,799	2,946	2,907
2,799	2,949	2,895
2,802	2,952	2,874
2,788	2,945	2,889
2,789	2,950	2,877
2,782	2,944	2,908
2,779	2,940	2,927
2,777	2,938	2,932
2,774	2,932	2,910
2,782	2,939	2,941
2,789	2,945	2,994
2,787	2,936	2,981
2,794	2,941	2,963
2,796	2,937	2,966
2,810	2,934	2,977
2,810	2,936	2,990
2,800	2,941	2,949
2,805	2,936	2,949
2,804	2,938	2,954
2,800	2,941	2,976
2,816	2,944	2,996
2,808	2,936	3,003
2,807	2,941	3,018
2,800	2,937	3,014
2,810	2,944	2,995
2,809	2,944	2,974
2,805	2,944	2,946
2,805	2,944	2,919
2,802	2,936	2,918
2,794	2,941	2,936
2,789	2,952	2,924
2,794	2,945	2,919
2,792	2,939	2,919
2,795	2,943	2,907
2,800	2,940	2,902
2,802	2,943	2,889
2,794	2,944	2,874
2,791	2,944	2,889
2,792	2,941	2,889
2,779	2,931	2,899
2,789	2,931	2,887
2,785	2,939	2,880
2,782	2,933	2,867
2,775	2,936	2,897
2,775	2,928	2,932
2,780	2,933	2,944
2,782	2,937	2,912
2,775	2,934	2,868
2,782	2,938	2,862
2,780	2,938	2,868
2,787	2,938	2,886
2,800	2,939	2,899
2,807	2,937	2,911
2,804	2,936	2,937
2,788	2,939	2,962
2,782	2,939	2,955
2,785	2,944	2,964
2,789	2,944	2,954
2,797	2,934	2,989
2,799	2,933	3,004
2,799	2,943	2,994
2,797	2,945	2,991
2,803	2,950	3,032
2,815	2,945	3,061
2,810	2,938	3,073
2,807	2,932	3,071
2,809	2,934	3,070
2,807	2,938	3,083
2,795	2,944	3,038
2,794	2,941	3,058
2,795	2,944	3,065
2,795	2,941	3,087
2,797	2,935	3,078
2,799	2,939	3,058
2,802	2,938	3,056
2,800	2,937	3,062
2,789	2,931	3,072
2,787	2,937	3,051
2,796	2,938	3,029
2,810	2,942	3,003
2,807	2,941	2,987
2,813	2,934	2,991
2,812	2,941	3,001
2,808	2,939	3,018
2,807	2,939	3,031
2,813	2,944	3,038
2,810	2,939	3,063
2,812	2,946	3,085
2,810	2,946	3,065
2,812	2,944	3,041
2,807	2,942	3,001
2,799	2,942	3,014
2,807	2,944	3,045
2,800	2,944	3,076
2,802	2,944	3,063
2,803	2,933	3,063
2,805	2,932	3,056
2,793	2,939	3,021
2,794	2,938	3,038
2,792	2,938	3,065
2,778	2,934	3,078
2,794	2,936	3,073
2,806	2,936	3,076
2,803	2,932	3,063
2,800	2,934	3,063
2,795	2,934	3,070
2,796	2,937	3,073
2,803	2,932	3,031
2,802	2,929	2,997
2,800	2,931	3,020
2,797	2,931	3,061
2,795	2,927	3,063
2,804	2,936	3,096
2,807	2,939	3,055
2,803	2,932	3,038
2,797	2,934	3,015
2,803	2,933	3,006
2,805	2,938	3,031
2,819	2,931	3,003
2,813	2,931	2,994
2,800	2,931	3,003
2,800	2,932	2,964
2,794	2,934	2,956
2,795	2,934	2,981
2,804	2,931	2,954
2,794	2,932	2,954
2,782	2,926	2,964
2,790	2,931	2,920
2,789	2,926	2,877
2,805	2,931	2,894
2,802	2,932	2,877
2,799	2,924	2,907
2,809	2,921	2,936
2,797	2,914	2,961
2,800	2,919	2,971
2,794	2,919	2,954
2,789	2,919	2,918
2,787	2,914	2,912
2,787	2,919	2,927
2,792	2,916	2,919
2,795	2,919	2,924
2,797	2,903	2,929
2,799	2,907	2,917
2,804	2,917	2,924
2,800	2,918	2,949
2,792	2,915	2,956
2,789	2,920	2,901
2,786	2,915	2,869
2,781	2,913	2,877
2,785	2,912	2,874
2,787	2,917	2,870
2,787	2,914	2,859
2,795	2,919	2,874
2,795	2,919	2,887
2,797	2,919	2,854
2,792	2,915	2,846
2,798	2,919	2,880
2,794	2,909	2,901
2,794	2,912	2,920
2,799	2,914	2,904
2,798	2,917	2,911
2,787	2,916	2,917
2,792	2,916	2,921
2,800	2,916	2,917
2,802	2,912	2,947
2,797	2,912	2,970
2,802	2,912	2,951
2,795	2,912	2,962
2,800	2,916	3,007
2,800	2,913	3,025
2,797	2,919	3,014
2,805	2,918	3,009
2,795	2,917	3,001
2,798	2,918	2,991
2,805	2,921	3,033
2,797	2,927	3,006
2,796	2,924	2,989
2,793	2,921	3,014
2,797	2,921	3,034
2,803	2,921	3,037
2,805	2,916	3,018
2,809	2,916	2,966
2,814	2,918	2,981
2,820	2,919	2,972
2,822	2,914	2,939
2,822	2,914	2,947
2,817	2,919	2,934
2,817	2,921	2,954
2,815	2,916	2,979
2,816	2,926	2,989
2,817	2,927	2,967
2,820	2,919	2,971
2,830	2,924	2,986
2,832	2,924	2,983
2,832	2,919	2,952
2,832	2,919	2,952
2,822	2,921	2,999
2,820	2,920	3,001
2,827	2,916	2,989
2,819	2,918	2,981
2,820	2,922	3,006
2,818	2,918	2,999
2,818	2,914	2,999
2,817	2,923	3,009
2,827	2,919	3,028
2,822	2,919	3,053
2,819	2,927	3,026
2,817	2,916	3,010
2,817	2,918	2,989
2,817	2,918	2,996
2,830	2,916	2,969
2,825	2,908	2,939
2,812	2,916	2,950
2,815	2,907	2,922
2,812	2,914	2,902
2,820	2,916	2,887
2,822	2,916	2,871
2,832	2,912	2,862
2,828	2,907	2,876
2,818	2,906	2,889
2,812	2,909	2,930
2,815	2,912	2,977
2,822	2,914	2,982
2,818	2,914	2,991
2,825	2,915	2,969
2,825	2,911	2,952
2,817	2,916	2,988
2,812	2,913	2,949
2,797	2,908	2,968
2,812	2,908	3,006
2,818	2,908	2,973
2,817	2,910	2,957
2,817	2,912	2,964
2,810	2,907	2,969
2,804	2,907	2,962
2,803	2,899	2,927
2,807	2,899	2,944
2,812	2,899	2,956
2,812	2,905	2,956
2,818	2,907	2,941
2,811	2,907	2,934
2,802	2,896	2,927
2,790	2,907	2,919
2,802	2,907	2,895
2,812	2,909	2,899
2,810	2,912	2,904
2,820	2,914	2,919
2,817	2,914	2,941
2,813	2,916	2,894
2,805	2,916	2,857
2,800	2,919	2,862
2,799	2,912	2,902
2,802	2,908	2,904
2,807	2,911	2,904
2,815	2,908	2,871
2,817	2,907	2,854
2,812	2,916	2,841
2,804	2,907	2,814
2,800	2,907	2,835
2,816	2,902	2,853
2,818	2,904	2,884
2,815	2,899	2,874
2,822	2,904	2,874
2,812	2,904	2,911
2,819	2,899	2,925
2,809	2,904	2,907
2,812	2,906	2,909
2,815	2,909	2,882
2,824	2,916	2,910
2,818	2,912	2,919
2,812	2,912	2,920
2,810	2,912	2,915
2,802	2,907	2,904
2,797	2,917	2,879
2,790	2,917	2,876
2,800	2,913	2,907
2,796	2,914	2,929
2,795	2,916	2,934
2,792	2,916	2,932
2,795	2,912	2,909
2,797	2,907	2,876
2,795	2,909	2,841
2,802	2,916	2,877
2,797	2,920	2,894
2,797	2,923	2,920
2,797	2,929	2,941
2,798	2,921	2,941
2,795	2,924	2,919
2,795	2,921	2,902
2,785	2,921	2,907
2,789	2,921	2,932
2,795	2,929	2,941
2,797	2,929	2,979
2,795	2,931	3,006
2,799	2,930	3,012
2,802	2,931	2,963
2,805	2,929	2,914
2,797	2,926	2,917
2,805	2,926	2,959
2,800	2,929	2,997
2,800	2,928	2,976
2,794	2,931	2,983
2,789	2,931	2,966
2,790	2,926	2,937
2,789	2,924	2,912
2,796	2,932	2,959
2,787	2,931	2,994
2,789	2,934	2,994
2,795	2,926	3,001
2,786	2,939	3,034
2,793	2,940	3,002
2,794	2,927	3,012
2,793	2,933	3,013
2,799	2,931	2,986
2,802	2,934	2,999
2,799	2,929	3,002
2,802	2,938	3,001
2,803	2,944	2,999
2,795	2,943	3,004
2,794	2,939	3,001
2,795	2,929	2,976
2,797	2,929	2,956
2,807	2,931	2,981
2,807	2,936	3,014
2,800	2,939	2,990
2,800	2,941	2,982
2,805	2,934	2,957
2,801	2,932	2,976
2,799	2,929	2,957
2,797	2,932	2,927
2,784	2,931	2,944
2,794	2,929	2,929
2,802	2,937	2,915
2,799	2,934	2,912
2,806	2,934	2,906
2,802	2,931	2,896
2,792	2,926	2,887
2,787	2,928	2,907
2,789	2,922	2,918
2,795	2,921	2,918
2,789	2,925	2,892
2,785	2,932	2,891
2,777	2,922	2,901
2,794	2,927	2,870
2,794	2,922	2,876
2,792	2,923	2,889
2,790	2,926	2,913
2,793	2,929	2,897
2,782	2,921	2,885
2,785	2,919	2,894
2,778	2,918	2,894
2,790	2,923	2,887
2,792	2,919	2,891
2,790	2,918	2,880
2,787	2,916	2,874
2,795	2,916	2,894
2,796	2,919	2,922
2,797	2,922	2,953
2,795	2,921	2,982
2,803	2,919	2,963
2,792	2,921	2,949
2,785	2,916	2,922
2,780	2,916	2,977
2,776	2,919	3,003
2,785	2,914	3,029
2,787	2,922	3,009
2,785	2,920	2,985
2,775	2,913	2,966
2,762	2,917	2,963
2,777	2,919	2,954
2,764	2,919	2,936
2,775	2,920	2,983
2,772	2,916	2,974
2,777	2,909	2,963
2,780	2,913	2,937
2,783	2,914	2,937
2,787	2,916	2,947
2,787	2,912	2,971
2,790	2,911	2,959
2,797	2,912	2,914
2,794	2,914	2,894
2,794	2,917	2,920
2,783	2,919	2,954
2,775	2,919	2,932
2,780	2,919	2,930
2,789	2,919	2,972
2,800	2,919	2,977
2,797	2,926	2,992
2,800	2,926	3,006
2,807	2,924	3,026
2,807	2,924	3,064
2,804	2,921	3,056
2,806	2,925	3,065
2,807	2,927	3,072
2,810	2,939	3,016
2,812	2,933	3,008
2,807	2,930	3,019
2,800	2,933	3,063
2,805	2,938	3,063
2,811	2,935	3,055
2,800	2,931	3,071
2,800	2,931	3,070
2,807	2,931	3,107
2,807	2,929	3,136
2,801	2,929	3,144
2,810	2,931	3,143
2,815	2,931	3,152
2,807	2,937	3,145
2,807	2,943	3,117
2,807	2,936	3,084
2,825	2,934	3,051
2,837	2,939	3,078
2,830	2,944	3,061
2,830	2,940	3,047
2,840	2,932	3,043
2,840	2,941	3,026
2,848	2,944	3,073
2,860	2,944	3,088
2,855	2,944	3,130
2,842	2,936	3,143
2,825	2,936	3,106
2,824	2,947	3,063
2,827	2,943	3,056
2,830	2,937	3,056
2,830	2,946	3,061
2,830	2,947	3,045
2,820	2,935	3,021
2,817	2,939	3,028
2,824	2,944	3,012
2,825	2,944	3,008
2,825	2,941	3,023
2,818	2,941	3,014
2,817	2,937	3,025
2,820	2,941	3,016
2,827	2,943	3,013
2,833	2,941	3,019
2,832	2,944	3,018
2,827	2,943	2,990
2,807	2,941	2,989
2,807	2,944	3,026
2,806	2,939	3,027
2,803	2,934	3,041
2,800	2,944	2,986
2,807	2,943	2,949
2,802	2,944	2,926
2,809	2,938	2,912
2,794	2,931	2,909
2,787	2,934	2,937
2,795	2,921	2,912
2,800	2,930	2,919
2,790	2,931	2,889
2,787	2,933	2,866
2,784	2,935	2,869
2,785	2,937	2,864
2,785	2,933	2,862
2,787	2,935	2,872
2,786	2,931	2,877
2,789	2,929	2,896
2,775	2,932	2,896
2,775	2,929	2,892
2,775	2,931	2,901
2,780	2,931	2,935
2,791	2,930	2,909
2,784	2,936	2,914
2,787	2,936	2,932
2,794	2,931	2,953
2,794	2,931	2,919
2,792	2,929	2,932
2,790	2,929	2,957
2,793	2,932	2,954
2,794	2,929	2,947
2,797	2,926	2,993
2,795	2,931	3,019
2,797	2,931	2,986
2,795	2,934	2,969
2,789	2,931	2,989
2,787	2,926	2,982
2,785	2,933	2,963
2,787	2,932	2,982
2,799	2,925	2,988
2,794	2,933	3,011
2,800	2,930	3,026
2,795	2,932	2,996
2,794	2,929	2,999
2,794	2,931	2,975
2,794	2,936	2,986
2,786	2,944	3,006
2,787	2,949	3,016
2,800	2,957	3,042
2,800	2,951	3,052
2,800	2,951	3,018
2,790	2,948	3,019
2,802	2,954	3,016
2,804	2,964	3,017
2,813	2,962	3,046
2,800	2,959	3,053
2,797	2,959	3,026
2,794	2,960	3,001
2,801	2,959	3,018
2,812	2,969	3,031
2,822	2,964	3,016
2,827	2,966	3,007
2,822	2,959	3,019
2,827	2,961	3,031
2,822	2,954	3,078
2,823	2,952	3,095
2,833	2,960	3,088
2,825	2,961	3,113
2,835	2,965	3,086
2,850	2,965	3,038
2,844	2,969	3,018
2,840	2,972	3,032
2,840	2,969	3,018
2,835	2,962	3,001
2,827	2,969	2,989
2,820	2,974	3,007
2,825	2,969	3,026
2,825	2,966	3,012
2,825	2,963	2,981
2,835	2,964	2,974
2,831	2,967	2,979
2,830	2,959	3,047
2,841	2,962	3,066
2,841	2,967	3,051
2,843	2,959	3,026
2,843	2,965	2,987
2,832	2,962	3,000
2,835	2,967	2,994
2,825	2,968	2,988
2,825	2,966	2,982
2,822	2,959	2,981
2,835	2,962	2,980
2,824	2,953	2,961
2,827	2,963	2,974
2,828	2,960	2,974
2,825	2,958	2,980
2,820	2,960	2,963
2,820	2,949	2,931
2,829	2,949	2,932
2,823	2,944	2,964
2,827	2,949	2,997
2,832	2,946	2,974
2,827	2,954	2,943
2,822	2,943	2,897
2,821	2,947	2,892
2,817	2,949	2,861
2,820	2,948	2,841
2,815	2,944	2,861
2,807	2,938	2,859
2,794	2,934	2,862
2,802	2,939	2,839
2,799	2,937	2,852
2,799	2,943	2,874
2,812	2,941	2,889
2,807	2,941	2,897
2,817	2,941	2,870
2,805	2,941	2,882
2,805	2,944	2,874
2,803	2,943	2,916
2,794	2,936	2,958
2,787	2,934	2,976
2,786	2,933	2,944
2,794	2,927	2,932
2,791	2,936	2,946
2,798	2,930	2,939
2,797	2,937	2,912
2,805	2,938	2,949
2,797	2,929	2,984
2,794	2,932	3,000
2,792	2,934	3,000
2,790	2,931	2,984
2,803	2,934	2,959
2,800	2,934	2,969
2,793	2,932	2,973
2,792	2,923	2,961
2,794	2,932	2,961
2,797	2,931	2,955
2,797	2,934	2,959
2,797	2,931	2,978
2,787	2,932	2,952
2,796	2,936	2,936
2,799	2,931	2,964
2,800	2,929	2,963
2,795	2,937	3,001
2,794	2,936	3,026
2,794	2,938	3,040
2,800	2,936	2,999
2,790	2,934	2,960
2,792	2,929	2,988
2,805	2,936	3,026
2,799	2,937	3,031
2,795	2,945	3,058
2,798	2,946	3,070
2,799	2,944	3,075
2,815	2,947	3,065
2,815	2,952	3,063
2,807	2,952	3,089
2,803	2,943	3,125
2,802	2,943	3,123
2,810	2,943	3,125
2,810	2,947	3,138
2,818	2,946	3,128
2,812	2,954	3,108
2,825	2,948	3,114
2,833	2,946	3,143
2,830	2,948	3,133
2,825	2,943	3,090
2,820	2,946	3,061
2,820	2,951	3,079
2,817	2,949	3,048
2,822	2,947	3,031
2,825	2,951	3,019
2,820	2,954	3,023
2,810	2,951	3,014
2,803	2,959	3,001
2,812	2,964	2,998
2,812	2,962	3,022
2,818	2,947	3,014
2,810	2,958	3,008
2,805	2,950	2,991
2,808	2,954	2,978
2,804	2,957	3,004
2,799	2,959	3,042
2,812	2,959	3,031
2,817	2,957	3,031
2,812	2,954	3,020
2,814	2,949	3,008
2,822	2,944	3,021
2,818	2,954	3,027
2,817	2,954	3,030
2,814	2,951	3,050
2,817	2,945	3,048
2,817	2,944	3,029
2,812	2,949	3,013
2,810	2,949	3,010
2,815	2,949	3,001
2,817	2,959	2,988
2,812	2,954	2,994
2,810	2,952	3,026
2,802	2,946	3,016
2,807	2,951	2,971
2,817	2,949	2,949
2,817	2,949	2,964
2,811	2,944	2,968
2,815	2,949	2,964
2,803	2,951	2,996
2,803	2,945	2,982
2,795	2,944	2,959
2,787	2,946	2,956
2,794	2,933	2,982
2,800	2,940	2,984
2,802	2,931	2,976
2,800	2,927	2,941
2,802	2,929	2,921
2,799	2,932	2,959
2,798	2,929	2,966
2,792	2,931	2,937
2,787	2,934	2,899
2,792	2,934	2,900
2,795	2,930	2,904
2,795	2,931	2,934
2,792	2,934	2,968
2,800	2,934	2,952
2,795	2,934	2,952
2,802	2,931	2,966
2,802	2,937	2,964
2,797	2,935	2,964
2,798	2,936	2,918
2,792	2,936	2,904
2,782	2,936	2,891
2,787	2,941	2,891
2,794	2,944	2,867
2,807	2,944	2,895
2,797	2,933	2,891
2,784	2,938	2,874
2,777	2,934	2,852
2,785	2,939	2,901
2,795	2,943	2,988
2,802	2,947	3,018
2,808	2,945	3,006
2,805	2,942	3,001
2,808	2,941	3,007
2,797	2,936	2,983
2,800	2,941	2,993
2,797	2,949	3,018
2,805	2,946	3,029
2,803	2,941	3,005
2,800	2,943	3,004
2,817	2,941	2,989
2,817	2,941	3,014
2,807	2,944	3,046
2,809	2,944	3,051
2,812	2,947	3,065
2,795	2,946	3,108
2,797	2,944	3,098
2,800	2,957	3,124
2,798	2,956	3,138
2,799	2,962	3,147
2,797	2,967	3,120
2,805	2,966	3,135
2,810	2,974	3,145
2,825	2,972	3,150
2,835	2,974	3,165
2,816	2,982	3,158
2,803	2,973	3,143
2,797	2,968	3,113
2,815	2,977	3,125
2,820	2,981	3,147
2,818	2,979	3,140
2,817	2,979	3,130
2,818	2,976	3,118
2,818	2,972	3,103
2,817	2,982	3,101
2,817	2,979	3,086
2,822	2,972	3,059
2,820	2,969	3,056
2,818	2,968	3,107
2,818	2,969	3,138
2,818	2,969	3,138
2,816	2,971	3,112
2,818	2,966	3,078
2,810	2,977	3,083
2,818	2,969	3,054
2,817	2,972	3,081
2,818	2,971	3,097
2,807	2,974	3,095
2,802	2,971	3,075
2,815	2,977	3,076
2,805	2,974	3,052
2,808	2,977	2,996
2,812	2,973	2,979
2,827	2,969	3,006
2,829	2,978	3,009
2,827	2,973	2,991
2,818	2,968	2,942
2,815	2,965	2,909
2,815	2,961	2,912
2,801	2,969	2,907
2,807	2,969	2,870
2,804	2,972	2,861
2,805	2,968	2,854
2,797	2,964	2,814
2,797	2,969	2,816
2,805	2,964	2,881
2,811	2,959	2,936
2,802	2,964	2,954
2,802	2,964	2,957
2,807	2,962	2,925
2,810	2,966	2,917
2,801	2,967	2,891
2,787	2,969	2,887
2,793	2,969	2,894
2,789	2,962	2,900
2,789	2,964	2,912
2,789	2,966	2,921
2,789	2,964	2,885
2,789	2,964	2,876
2,789	2,967	2,908
2,780	2,969	2,889
2,790	2,968	2,859
2,794	2,961	2,844
2,795	2,967	2,863
2,794	2,973	2,882
2,794	2,972	2,881
2,785	2,971	2,901
2,785	2,964	2,929
2,782	2,965	2,896
2,775	2,962	2,887
2,783	2,959	2,887
2,775	2,964	2,919
2,767	2,962	2,969
2,775	2,959	2,943
2,779	2,959	2,956
2,781	2,959	2,986
2,782	2,964	2,982
2,783	2,964	3,005
2,777	2,959	3,017
2,782	2,966	3,008
2,779	2,963	3,021
2,779	2,956	3,031
2,780	2,969	3,033
2,775	2,967	3,014
2,775	2,969	3,038
2,787	2,966	3,019
2,794	2,971	3,001
2,785	2,964	3,004
2,782	2,969	2,999
2,770	2,966	3,004
2,775	2,962	3,012
2,772	2,964	3,015
2,778	2,964	3,009
2,769	2,968	3,031
2,767	2,968	3,051
2,767	2,972	3,031
2,767	2,971	3,021
2,775	2,977	3,011
2,782	2,974	3,038
2,779	2,982	3,096
2,789	2,972	3,088
2,797	2,977	3,096
2,792	2,981	3,080
2,789	2,971	3,050
2,777	2,978	3,007
2,777	2,971	2,991
2,777	2,975	2,974
2,785	2,981	2,982
2,792	2,986	2,956
2,791	2,974	2,949
2,787	2,971	3,004
2,788	2,974	3,001
2,790	2,977	2,977
2,794	2,972	2,954
2,784	2,971	2,967
2,781	2,967	2,943
2,779	2,972	2,929
2,784	2,971	2,934
2,795	2,971	2,905
2,785	2,971	2,907
2,787	2,968	2,893
2,783	2,988	2,894
2,785	2,975	2,891
2,787	2,970	2,943
2,790	2,979	2,990
2,800	2,976	2,997
2,802	2,972	3,008
2,794	2,977	2,971
2,789	2,971	2,932
2,792	2,966	2,943
2,797	2,962	2,919
2,795	2,969	2,949
2,794	2,972	2,976
2,792	2,969	2,944
2,792	2,959	2,882
2,783	2,958	2,849
2,787	2,960	2,856
2,787	2,964	2,882
2,787	2,959	2,883
2,789	2,962	2,911
2,800	2,959	2,929
2,797	2,964	2,929
2,795	2,967	2,939
2,785	2,962	2,922
2,794	2,964	2,912
2,786	2,964	2,909
2,784	2,964	2,879
2,787	2,967	2,847
2,792	2,972	2,855
2,787	2,961	2,841
2,796	2,965	2,844
2,794	2,962	2,849
2,795	2,965	2,832
2,792	2,973	2,843
2,789	2,969	2,834
2,797	2,972	2,849
2,794	2,972	2,849
2,788	2,971	2,882
2,782	2,968	2,907
2,775	2,966	2,896
2,789	2,966	2,879
2,797	2,971	2,874
2,803	2,966	2,870
2,800	2,971	2,901
2,807	2,966	2,909
2,815	2,966	2,899
2,805	2,977	2,910
2,805	2,969	2,931
2,799	2,971	2,961
2,791	2,971	2,949
2,789	2,971	2,944
2,800	2,975	2,944
2,797	2,976	2,978
2,800	2,979	2,981
2,795	2,971	2,994
2,797	2,974	2,979
2,800	2,979	2,945
2,795	2,976	2,930
2,795	2,972	2,899
2,806	2,978	2,894
2,807	2,973	2,886
2,807	2,973	2,878
2,808	2,965	2,924
2,812	2,965	2,947
2,817	2,972	2,897
2,808	2,972	2,887
2,811	2,969	2,911
2,810	2,972	2,932
2,810	2,971	2,966
2,810	2,971	2,988
2,812	2,972	2,976
2,801	2,976	2,977
2,799	2,971	2,937
2,808	2,963	2,912
2,812	2,966	2,894
2,822	2,971	2,885
2,817	2,976	2,902
2,817	2,974	2,923
2,818	2,982	2,924
2,817	2,971	2,927
2,812	2,967	2,926
2,817	2,966	2,954
2,817	2,971	2,994
2,825	2,964	2,966
2,817	2,962	2,936
2,825	2,967	2,912
2,827	2,964	2,864
2,809	2,963	2,862
2,812	2,969	2,866
2,810	2,966	2,895
2,815	2,970	2,900
2,812	2,968	2,874
2,812	2,963	2,849
2,807	2,960	2,854
2,820	2,964	2,865
2,824	2,962	2,854
2,822	2,956	2,846
2,815	2,954	2,837
2,820	2,951	2,844
2,820	2,946	2,850
2,815	2,959	2,884
2,822	2,956	2,887
2,822	2,959	2,907
2,825	2,958	2,921
2,820	2,961	2,887
2,817	2,961	2,837
2,807	2,957	2,811
2,814	2,949	2,814
2,817	2,952	2,855
2,813	2,954	2,887
2,820	2,959	2,912
2,818	2,957	2,894
2,812	2,951	2,899
2,807	2,956	2,903
2,805	2,959	2,899
2,805	2,956	2,924
2,812	2,960	2,927
2,810	2,959	2,952
2,810	2,962	2,977
2,817	2,960	2,952
2,812	2,958	2,921
2,812	2,961	2,907
2,805	2,964	2,929
2,804	2,959	2,939
2,803	2,959	2,946
2,817	2,954	2,924
2,818	2,962	2,906
2,818	2,959	2,934
2,820	2,962	2,952
2,823	2,958	2,982
2,827	2,959	2,997
2,826	2,956	2,979
2,830	2,956	2,954
2,828	2,954	2,939
2,830	2,957	2,949
2,834	2,957	2,956
2,838	2,958	2,942
2,825	2,959	2,965
2,825	2,959	2,984
2,827	2,962	3,021
2,837	2,959	3,016
2,838	2,959	2,988
2,830	2,959	2,947
2,840	2,950	2,963
2,840	2,963	3,017
2,840	2,960	2,997
2,843	2,956	2,983
2,842	2,955	2,957
2,841	2,948	2,944
2,848	2,946	2,989
2,835	2,955	3,034
2,838	2,954	3,016
2,845	2,951	2,994
2,839	2,948	2,937
2,830	2,949	2,939
2,840	2,949	2,949
2,840	2,948	2,946
2,830	2,956	2,947
2,833	2,956	2,988
2,830	2,957	3,012
2,829	2,954	3,018
2,832	2,957	3,040
2,827	2,954	3,083
2,820	2,951	3,071
2,817	2,958	3,058
2,831	2,947	3,037
2,835	2,951	3,001
2,841	2,941	2,969
2,840	2,939	2,924
2,835	2,944	2,913
2,833	2,944	2,932
2,835	2,938	2,927
2,833	2,940	2,944
2,828	2,939	2,944
2,815	2,943	2,943
2,822	2,940	2,937
2,830	2,945	2,942
2,829	2,932	2,935
2,837	2,942	2,914
2,847	2,934	2,874
2,843	2,934	2,847
2,835	2,936	2,829
2,823	2,934	2,841
2,822	2,932	2,869
2,820	2,931	2,855
2,815	2,925	2,836
2,822	2,931	2,821
2,830	2,926	2,809
2,830	2,926	2,819
2,829	2,921	2,839
2,820	2,922	2,838
2,807	2,926	2,857
2,822	2,922	2,879
2,827	2,926	2,908
2,830	2,929	2,894
2,825	2,929	2,922
2,818	2,921	2,934
2,817	2,921	2,920
2,827	2,928	2,909
2,824	2,925	2,901
2,823	2,929	2,942
2,823	2,931	2,937
2,818	2,920	2,919
2,812	2,925	2,946
2,820	2,926	2,899
2,824	2,925	2,864
2,818	2,932	2,857
2,822	2,923	2,833
2,817	2,924	2,846
2,825	2,924	2,899
2,817	2,926	2,885
2,819	2,924	2,857
2,818	2,920	2,875
2,818	2,926	2,851
2,817	2,921	2,851
2,820	2,918	2,847
2,812	2,922	2,856
2,808	2,919	2,854
2,811	2,919	2,859
2,815	2,922	2,851
2,812	2,919	2,852
2,817	2,926	2,878
2,802	2,926	2,904
2,802	2,926	2,897
2,810	2,921	2,914
2,820	2,922	2,942
2,822	2,915	2,932
2,817	2,923	2,941
2,816	2,928	2,961
2,815	2,926	2,954
2,831	2,932	2,950
2,823	2,924	2,962
2,820	2,929	2,968
2,823	2,932	2,981
2,827	2,931	2,979
2,832	2,924	2,971
2,827	2,924	2,989
2,810	2,919	3,014
2,802	2,922	3,013
2,805	2,929	3,001
2,811	2,931	3,003
2,817	2,931	3,001
2,817	2,932	3,026
2,810	2,929	3,032
2,810	2,929	2,992
2,810	2,932	2,995
2,824	2,932	2,988
2,841	2,934	2,959
2,842	2,937	2,986
2,842	2,936	2,989
2,840	2,931	2,994
2,842	2,936	2,972
2,836	2,933	2,961
2,830	2,939	2,969
2,828	2,930	2,994
2,833	2,934	3,022
2,830	2,936	3,028
2,835	2,933	2,981
2,830	2,931	2,979
2,831	2,932	3,007
2,822	2,931	2,999
2,830	2,927	2,979
2,823	2,929	2,937
2,822	2,931	3,004
2,818	2,931	3,038
2,820	2,934	3,036
2,828	2,931	3,021
2,822	2,934	3,013
2,822	2,930	3,003
2,809	2,931	2,989
2,820	2,931	2,996
2,820	2,936	2,988
2,823	2,938	2,993
2,827	2,936	2,989
2,825	2,934	2,989
2,835	2,942	2,968
2,831	2,943	3,019
2,827	2,941	2,976
2,827	2,939	2,980
2,825	2,941	2,974
2,825	2,936	3,012
2,825	2,941	3,031
2,827	2,938	3,026
2,822	2,943	3,006
2,825	2,945	2,988
2,817	2,945	2,979
2,817	2,938	2,989
2,819	2,949	3,013
2,822	2,944	3,002
2,817	2,944	2,976
2,815	2,944	2,964
2,817	2,938	2,971
2,805	2,941	2,975
2,808	2,936	3,001
2,822	2,944	3,001
2,828	2,944	3,014
2,825	2,941	2,994
2,817	2,941	3,007
2,818	2,936	2,986
2,817	2,938	3,011
2,809	2,941	3,029
2,802	2,944	3,053
2,805	2,938	3,079
2,800	2,937	3,058
2,801	2,938	3,023
2,806	2,941	3,022
2,800	2,943	3,032
2,798	2,936	3,006
2,795	2,937	3,004
2,794	2,941	2,974
2,790	2,944	2,944
2,795	2,940	2,948
2,811	2,944	3,001
2,810	2,943	3,031
2,812	2,936	3,006
2,817	2,927	2,934
2,807	2,931	2,910
2,798	2,932	2,906
2,794	2,934	2,924
2,799	2,938	2,941
2,797	2,936	2,937
2,805	2,931	2,899
2,808	2,931	2,927
2,807	2,934	2,956
2,807	2,938	2,964
2,807	2,939	3,018
2,807	2,931	3,006
2,805	2,926	3,017
2,804	2,924	3,019
2,810	2,932	3,016
2,815	2,926	2,992
2,820	2,930	2,986
2,807	2,931	2,998
2,805	2,927	2,994
2,804	2,929	2,972
2,805	2,929	2,989
2,815	2,934	2,989
2,822	2,924	2,979
2,812	2,920	2,937
2,810	2,926	2,934
2,797	2,930	2,956
2,788	2,925	3,020
2,800	2,923	3,045
2,807	2,931	3,040
2,807	2,930	3,023
2,809	2,929	3,006
2,805	2,929	2,999
2,810	2,926	3,002
2,810	2,922	2,987
2,810	2,928	2,988
2,812	2,924	2,981
2,814	2,924	2,996
2,812	2,928	3,009
2,811	2,923	3,008
2,813	2,918	2,974
2,802	2,922	2,956
2,807	2,924	2,964
2,805	2,916	2,952
2,802	2,916	2,993
2,805	2,920	3,026
2,810	2,919	3,016
2,810	2,916	2,974
2,805	2,919	2,949
2,805	2,909	2,972
2,820	2,907	2,939
2,822	2,907	2,919
2,820	2,914	2,919
2,822	2,911	2,961
2,810	2,907	2,957
2,797	2,906	2,956
2,804	2,913	2,949
2,802	2,911	2,952
2,802	2,912	2,972
2,800	2,907	2,947
2,803	2,907	2,944
2,797	2,904	2,954
2,794	2,906	2,964
2,795	2,909	2,965
2,807	2,909	2,952
2,802	2,914	2,941
2,805	2,909	2,949
2,807	2,914	2,913
2,798	2,906	2,915
2,794	2,904	2,924
2,799	2,907	2,894
2,792	2,910	2,897
2,794	2,907	2,887
2,803	2,909	2,897
2,807	2,904	2,939
2,800	2,907	2,937
2,800	2,907	2,964
2,797	2,907	2,946
2,804	2,907	2,924
2,799	2,906	2,934
2,787	2,902	2,912
2,795	2,901	2,932
2,797	2,908	2,948
2,802	2,906	2,961
2,794	2,907	2,954
2,791	2,907	2,956
2,803	2,910	2,954
2,792	2,914	2,972
2,794	2,912	3,001
2,805	2,906	2,993
2,797	2,906	2,964
2,795	2,904	2,979
2,794	2,906	2,969
2,794	2,908	2,921
2,795	2,916	2,941
2,787	2,916	2,979
2,785	2,919	2,989
2,791	2,919	2,992
2,794	2,921	2,961
2,785	2,919	2,935
2,795	2,927	2,935
2,797	2,926	2,951
2,795	2,919	2,949
2,787	2,924	2,959
2,790	2,916	2,961
2,789	2,916	2,960
2,792	2,916	2,989
2,800	2,916	2,988
2,794	2,929	3,038
2,799	2,925	3,051
2,805	2,917	3,071
2,820	2,921	3,038
2,813	2,916	3,025
2,799	2,917	3,048
2,803	2,919	3,013
2,817	2,907	2,976
2,823	2,914	2,989
2,812	2,919	2,991
2,805	2,917	2,974
2,800	2,919	2,955
2,794	2,916	2,962
2,790	2,918	2,957
2,782	2,918	2,956
2,787	2,924	2,994
2,785	2,921	2,982
2,797	2,919	2,981
2,803	2,919	2,928
2,795	2,924	2,924
2,795	2,920	2,977
2,785	2,931	3,010
2,794	2,924	3,019
2,777	2,929	3,000
2,794	2,921	2,982
2,800	2,921	2,955
2,803	2,921	2,945
2,792	2,923	2,979
2,782	2,926	2,981
2,787	2,932	3,014
2,795	2,926	3,025
2,797	2,925	3,001
2,792	2,920	2,959
2,797	2,916	2,917
2,807	2,914	2,917
2,803	2,919	2,937
2,790	2,914	2,956
2,772	2,909	2,944
2,775	2,912	2,944
2,787	2,916	2,917
2,782	2,919	2,888
2,780	2,916	2,884
2,781	2,912	2,899
2,787	2,913	2,894
2,794	2,914	2,894
2,795	2,912	2,882
2,774	2,906	2,849
2,773	2,909	2,834
2,780	2,910	2,854
2,783	2,913	2,889
2,777	2,909	2,874
2,792	2,914	2,813
2,794	2,907	2,801
2,797	2,907	2,789
2,793	2,909	2,863
2,795	2,912	2,899
2,794	2,911	2,884
2,794	2,909	2,919
2,797	2,906	2,938
2,794	2,900	2,930
2,789	2,893	2,881
2,789	2,902	2,889
2,787	2,906	2,867
2,787	2,902	2,884
2,791	2,907	2,907
2,797	2,909	2,911
2,794	2,912	2,902
2,784	2,899	2,894
2,780	2,894	2,872
2,777	2,896	2,871
2,774	2,901	2,862
2,776	2,907	2,844
2,775	2,907	2,861
2,782	2,904	2,908
2,795	2,899	2,907
2,787	2,901	2,867
2,790	2,902	2,867
2,792	2,907	2,883
2,790	2,912	2,947
2,797	2,911	2,963
2,812	2,907	2,941
2,815	2,894	2,904
2,810	2,896	2,890
2,803	2,899	2,884
2,800	2,901	2,922
2,795	2,911	2,947
2,795	2,908	2,956
2,791	2,905	2,943
2,795	2,908	2,959
2,794	2,906	2,969
2,800	2,910	3,011
2,807	2,908	2,978
2,810	2,917	2,974
2,808	2,914	2,956
2,807	2,914	2,961
2,810	2,916	2,991
2,810	2,909	3,007
2,812	2,913	3,006
2,807	2,911	3,010
2,804	2,919	2,991
2,799	2,911	3,043
2,804	2,919	3,069
2,803	2,918	3,061
2,797	2,919	3,063
2,800	2,919	3,068
2,795	2,919	3,083
2,792	2,924	3,066
2,794	2,926	3,076
2,805	2,929	3,061
2,805	2,929	3,031
2,812	2,931	3,033
2,812	2,934	3,020
2,829	2,918	3,038
2,835	2,927	3,041
2,830	2,937	3,050
2,822	2,933	3,057
2,820	2,927	3,036
2,829	2,933	3,038
2,830	2,934	3,061
2,826	2,937	3,068
2,827	2,934	3,052
2,817	2,944	3,018
2,825	2,941	2,996
2,827	2,934	3,014
2,827	2,941	3,014
2,825	2,930	3,023
2,820	2,931	3,021
2,817	2,933	3,050
2,820	2,936	3,040
2,826	2,939	3,025
2,817	2,934	3,036
2,815	2,939	3,063
2,807	2,936	3,083
2,815	2,931	3,078
2,810	2,936	3,055
2,815	2,938	3,026
2,821	2,934	3,009
2,808	2,936	2,976
2,812	2,929	2,929
2,807	2,926	2,912
2,794	2,916	2,919
2,793	2,919	2,914
2,787	2,920	2,919
2,790	2,920	2,931
2,782	2,917	2,935
2,787	2,923	2,917
2,803	2,917	2,893
2,799	2,919	2,909
2,808	2,919	2,923
2,815	2,921	2,921
2,797	2,919	2,920
2,800	2,924	2,918
2,807	2,919	2,897
2,805	2,920	2,872
2,812	2,919	2,857
2,807	2,919	2,872
2,810	2,924	2,896
2,817	2,919	2,872
2,828	2,916	2,887
2,817	2,919	2,887
2,813	2,915	2,901
2,800	2,917	2,907
2,802	2,916	2,894
2,802	2,916	2,881
2,800	2,912	2,893
2,796	2,919	2,901
2,807	2,916	2,917
2,805	2,909	2,903
2,804	2,921	2,909
2,794	2,921	2,932
2,795	2,913	2,925
2,797	2,920	2,927
2,803	2,913	2,924
2,797	2,913	2,924
2,807	2,912	2,932
2,808	2,907	2,909
2,802	2,912	2,916
2,798	2,919	2,940
2,802	2,919	2,924
2,792	2,921	2,959
2,789	2,923	2,969
2,785	2,919	2,965
2,796	2,924	2,956
2,802	2,919	2,983
2,805	2,918	3,031
2,803	2,926	3,066
2,800	2,921	3,066
2,801	2,922	3,070
2,800	2,916	3,073
2,797	2,916	3,036
2,797	2,919	3,015
2,797	2,924	2,993
2,802	2,919	2,993
2,795	2,929	3,018
2,796	2,919	3,011
2,793	2,917	3,009
2,787	2,914	2,964
2,790	2,913	2,994
2,789	2,933	3,009
2,798	2,929	3,012
2,805	2,932	3,037
2,805	2,932	3,060
2,802	2,931	3,083
2,797	2,934	3,088
2,793	2,934	3,063
2,807	2,938	3,089
2,805	2,939	3,125
2,817	2,934	3,133
2,817	2,938	3,142
2,815	2,938	3,131
2,814	2,941	3,103
2,810	2,941	3,108
2,797	2,944	3,117
2,805	2,949	3,125
2,820	2,952	3,129
2,832	2,957	3,120
2,829	2,946	3,130
2,827	2,941	3,115
2,837	2,941	3,120
2,848	2,944	3,152
2,842	2,944	3,152
2,840	2,943	3,095
2,842	2,945	3,073
2,839	2,950	3,044
2,847	2,948	3,022
2,842	2,947	3,036
2,847	2,951	3,031
2,847	2,949	2,994
2,843	2,952	2,994
2,835	2,957	3,019
2,841	2,959	3,013
2,840	2,959	3,026
2,842	2,956	3,038
2,837	2,946	3,001
2,837	2,943	2,996
2,841	2,948	2,976
2,840	2,951	2,964
2,833	2,949	2,959
2,837	2,944	2,971
2,830	2,944	2,981
2,839	2,944	2,948
2,842	2,949	2,966
2,853	2,957	2,980
2,850	2,957	2,975
2,838	2,959	2,994
2,826	2,954	2,959
2,835	2,944	2,927
2,822	2,949	2,942
2,822	2,959	2,936
2,827	2,950	2,936
2,828	2,939	2,956
2,830	2,944	2,939
2,836	2,941	2,878
2,835	2,938	2,864
2,838	2,945	2,859
2,837	2,949	2,862
2,834	2,942	2,855
2,823	2,946	2,857
2,817	2,941	2,864
2,818	2,929	2,841
2,813	2,926	2,854
2,810	2,926	2,859
2,792	2,929	2,874
2,804	2,928	2,866
2,805	2,934	2,879
2,815	2,934	2,854
2,812	2,936	2,866
2,807	2,931	2,871
2,807	2,923	2,882
2,815	2,929	2,841
2,815	2,932	2,811
2,807	2,936	2,812
2,812	2,939	2,797
2,812	2,931	2,781
2,805	2,921	2,787
2,800	2,931	2,790
2,795	2,929	2,799
2,802	2,927	2,826
2,802	2,935	2,839
2,797	2,940	2,837
2,810	2,935	2,805
2,816	2,933	2,807
2,803	2,934	2,822
2,794	2,932	2,842
2,794	2,939	2,887
2,794	2,939	2,914
2,796	2,934	2,899
2,787	2,931	2,874
2,775	2,926	2,874
2,772	2,929	2,874
2,782	2,933	2,875
2,796	2,929	2,907
2,794	2,931	2,932
2,795	2,926	2,932
2,790	2,919	2,908
2,787	2,919	2,912
2,792	2,919	2,931
2,789	2,914	2,946
2,796	2,916	2,977
2,797	2,919	2,961
2,792	2,914	2,939
2,792	2,919	2,941
2,794	2,916	2,937
2,783	2,912	2,945
2,785	2,910	2,949
2,794	2,915	2,959
2,794	2,920	2,934
2,794	2,913	2,939
2,794	2,907	2,998
2,794	2,906	3,006
2,803	2,909	3,028
2,795	2,920	3,021
2,794	2,926	3,008
2,800	2,919	2,990
2,799	2,921	2,974
2,810	2,924	2,984
2,807	2,926	2,989
2,795	2,929	3,011
2,795	2,924	3,000
2,795	2,929	2,996
2,792	2,931	3,028
2,799	2,929	3,038
2,800	2,924	3,035
2,795	2,926	2,977
2,802	2,931	2,949
2,804	2,929	2,958
2,802	2,929	3,006
2,800	2,929	3,051
2,794	2,924	3,034
2,800	2,931	3,053
2,810	2,931	3,070
2,795	2,933	3,056
2,793	2,937	3,045
2,794	2,931	3,053
2,795	2,940	3,053
2,784	2,936	3,045
2,784	2,930	3,034
2,787	2,937	3,054
2,787	2,937	3,081
2,789	2,941	3,070
2,778	2,931	3,061
2,782	2,938	3,031
2,787	2,938	3,009
2,779	2,938	3,034
2,789	2,946	3,040
2,787	2,940	3,031
2,790	2,935	3,006
2,792	2,934	2,996
2,797	2,939	3,017
2,801	2,941	3,039
2,797	2,944	3,085
2,798	2,944	3,133
2,794	2,939	3,140
2,794	2,943	3,152
2,797	2,938	3,145
2,794	2,954	3,118
2,794	2,949	3,088
2,792	2,946	3,070
2,780	2,944	3,063
2,785	2,940	3,054
2,775	2,926	3,074
2,775	2,942	3,093
2,775	2,941	3,092
2,772	2,942	3,093
2,780	2,943	3,063
2,785	2,934	3,015
2,778	2,939	3,051
2,777	2,937	3,083
2,776	2,934	3,091
2,770	2,931	3,062
2,780	2,932	3,041
2,784	2,931	3,046
2,782	2,936	3,050
2,785	2,940	3,038
2,787	2,932	3,002
2,780	2,929	2,982
2,782	2,926	2,992
2,780	2,924	3,024
2,773	2,931	3,021
2,769	2,929	3,002
2,775	2,929	3,013
2,775	2,937	3,016
2,772	2,936	2,976
2,767	2,931	2,930
2,769	2,937	2,930
2,773	2,933	2,937
2,775	2,929	2,899
2,775	2,928	2,857
2,775	2,928	2,867
2,775	2,927	2,886
2,778	2,931	2,873
2,772	2,927	2,874
2,753	2,929	2,864
2,752	2,924	2,883
2,752	2,919	2,916
2,748	2,931	2,929
2,760	2,926	2,925
2,774	2,929	2,931
2,768	2,931	2,937
2,762	2,934	2,974
2,750	2,931	2,989
2,752	2,931	2,969
2,749	2,930	2,931
2,755	2,931	2,962
2,757	2,931	2,983
2,760	2,931	3,004
2,767	2,931	3,001
2,761	2,931	2,982
2,769	2,938	2,959
2,775	2,934	2,951
2,772	2,931	2,937
2,762	2,934	2,966
2,770	2,936	2,978
2,772	2,939	3,016
2,769	2,939	3,018
2,772	2,929	3,006
2,764	2,927	3,025
2,775	2,938	2,987
2,767	2,933	2,962
2,760	2,935	2,998
2,762	2,940	3,046
2,758	2,938	3,054
2,759	2,939	3,063
2,759	2,931	3,073
2,752	2,931	3,063
2,754	2,934	3,055
2,768	2,941	3,036
2,770	2,941	3,006
2,782	2,952	3,038
2,785	2,943	3,061
2,779	2,946	3,065
2,776	2,944	3,081
2,775	2,946	3,051
2,770	2,951	3,043
2,767	2,946	3,056
2,765	2,949	3,036
2,764	2,944	3,084
2,769	2,955	3,099
2,775	2,954	3,045
2,770	2,947	3,034
2,770	2,947	3,040
2,775	2,951	3,040
2,777	2,959	3,038
2,775	2,955	3,022
2,765	2,957	3,028
2,772	2,956	3,014
2,775	2,957	3,065
2,780	2,956	3,070
2,783	2,962	3,031
2,775	2,960	2,980
2,790	2,955	2,964
2,785	2,946	2,959
2,789	2,951	2,993
2,782	2,946	3,029
2,782	2,954	3,028
2,781	2,956	3,056
2,780	2,962	3,043
2,775	2,956	3,051
2,777	2,959	3,056
2,779	2,959	3,037
2,786	2,957	3,040
2,782	2,954	3,018
2,780	2,957	2,994
2,792	2,957	2,968
2,792	2,957	2,987
2,790	2,959	2,994
2,777	2,957	2,949
2,795	2,952	2,952
2,797	2,952	2,955
2,805	2,954	2,938
2,807	2,957	2,919
2,802	2,954	2,922
2,802	2,945	2,935
2,805	2,946	2,919
2,810	2,942	2,909
2,807	2,935	2,899
2,809	2,940	2,944
2,804	2,946	2,945
2,807	2,945	2,954
2,804	2,946	2,957
2,807	2,944	2,899
2,794	2,936	2,887
2,791	2,941	2,879
2,802	2,938	2,872
2,808	2,936	2,890
2,797	2,938	2,899
2,794	2,939	2,899
2,792	2,934	2,933
2,787	2,931	2,912
2,790	2,931	2,889
2,792	2,931	2,899
2,794	2,934	2,879
2,795	2,932	2,899
2,794	2,929	2,874
2,792	2,929	2,856
2,790	2,926	2,867
2,795	2,924	2,861
2,787	2,921	2,857
2,792	2,931	2,831
2,795	2,921	2,799
2,787	2,926	2,792
2,785	2,919	2,750
2,784	2,917	2,749
2,789	2,923	2,794
2,782	2,913	2,822
2,775	2,920	2,816
2,785	2,924	2,812
2,792	2,919	2,812
2,795	2,919	2,796
2,792	2,919	2,784
2,777	2,916	2,793
2,773	2,918	2,835
2,779	2,929	2,904
2,774	2,918	2,929
2,782	2,918	2,892
2,780	2,919	2,905
2,777	2,919	2,939
2,785	2,919	2,932
2,794	2,916	2,937
2,789	2,912	2,917
2,780	2,917	2,893
2,775	2,918	2,919
2,772	2,916	2,949
2,768	2,922	2,984
2,777	2,921	2,973
2,778	2,929	2,981
2,787	2,927	2,984
2,782	2,927	3,003
2,785	2,924	3,001
2,785	2,925	2,955
2,786	2,923	2,934
2,779	2,919	2,968
2,784	2,924	2,952
2,792	2,924	2,957
2,804	2,931	2,990
2,808	2,934	3,001
2,815	2,941	2,984
2,810	2,936	3,038
2,812	2,929	3,016
2,810	2,929	3,038
2,798	2,933	3,078
2,799	2,934	3,100
2,795	2,939	3,113
2,787	2,931	3,099
2,782	2,926	3,086
2,792	2,933	3,071
2,792	2,939	3,138
2,788	2,939	3,148
2,787	2,939	3,191
2,797	2,943	3,244
2,797	2,941	3,218
2,802	2,939	3,165
2,809	2,931	3,133
2,817	2,926	3,104
2,815	2,942	3,100
2,812	2,937	3,088
2,812	2,935	3,093
2,820	2,942	3,123
2,822	2,943	3,132
2,823	2,943	3,167
2,812	2,944	3,150
2,822	2,944	3,138
2,825	2,944	3,143
2,817	2,951	3,093
2,825	2,953	3,077
2,817	2,952	3,063
2,820	2,951	3,081
2,823	2,948	3,090
2,820	2,956	3,125
2,806	2,957	3,130
2,815	2,957	3,096
2,821	2,951	3,058
2,822	2,946	3,034
2,817	2,956	3,046
2,825	2,947	3,061
2,829	2,951	3,068
2,827	2,941	3,069
2,820	2,944	3,066
2,827	2,949	3,065
2,827	2,946	3,046
2,835	2,943	3,048
2,838	2,943	3,055
2,830	2,953	3,078
2,821	2,956	3,101
2,830	2,959	3,076
2,832	2,945	3,063
2,832	2,944	3,029
2,822	2,936	3,018
2,817	2,949	2,998
2,825	2,949	3,006
2,817	2,951	2,997
2,825	2,956	3,001
2,826	2,954	3,001
2,824	2,944	3,001
2,817	2,938	2,982
2,818	2,942	2,951
2,818	2,944	2,899
2,812	2,943	2,895
2,816	2,936	2,919
2,825	2,938	2,930
2,831	2,939	2,901
2,818	2,934	2,887
2,817	2,934	2,952
2,818	2,934	2,939
2,805	2,932	2,909
2,806	2,931	2,903
2,812	2,936	2,932
2,815	2,936	2,932
2,803	2,928	2,904
2,802	2,920	2,892
2,793	2,932	2,894
2,800	2,931	2,946
2,800	2,932	2,999
2,799	2,936	2,989
2,802	2,935	3,005
2,793	2,932	2,993
2,797	2,934	2,981
2,802	2,931	2,932
2,795	2,934	2,927
2,810	2,934	2,925
2,815	2,931	2,934
2,807	2,936	2,943
2,801	2,928	2,927
2,799	2,927	2,897
2,803	2,929	2,924
2,805	2,931	2,937
2,805	2,929	2,931
2,808	2,929	2,912
2,809	2,919	2,893
2,809	2,921	2,892
2,810	2,929	2,924
2,800	2,929	2,949
2,802	2,931	2,907
2,799	2,924	2,875
2,799	2,924	2,899
2,797	2,925	2,916
2,800	2,929	2,937
2,797	2,934	2,945
2,820	2,930	2,932
2,813	2,931	2,927
2,805	2,937	2,907
2,813	2,933	2,897
2,805	2,935	2,922
2,802	2,932	2,946
2,794	2,932	2,970
2,784	2,929	2,991
2,789	2,931	3,021
2,780	2,932	2,996
2,800	2,934	2,962
2,805	2,935	2,969
2,801	2,931	2,982
2,798	2,931	2,978
2,805	2,936	2,986
2,805	2,939	2,973
2,807	2,936	3,003
2,802	2,946	2,996
2,803	2,944	2,980
2,812	2,944	3,001
2,806	2,944	2,994
2,807	2,941	2,986
2,802	2,949	2,994
2,812	2,954	3,013
2,805	2,950	3,014
2,806	2,944	2,993
2,794	2,947	2,954
2,800	2,946	2,977
2,792	2,942	2,944
2,792	2,940	2,931
2,792	2,943	2,981
2,800	2,944	2,977
2,810	2,942	2,910
2,794	2,939	2,897
2,802	2,943	2,906
2,807	2,944	2,934
2,812	2,943	2,935
2,805	2,946	2,931
2,797	2,943	2,911
2,797	2,946	2,897
2,797	2,944	2,908
2,787	2,944	2,920
2,792	2,944	2,919
2,794	2,946	2,930
2,790	2,944	2,937
2,787	2,954	2,937
2,797	2,952	2,927
2,799	2,956	2,932
2,802	2,957	2,938
2,794	2,952	2,927
2,795	2,954	2,925
2,792	2,952	2,944
2,800	2,951	2,930
2,802	2,959	2,970
2,806	2,956	2,974
2,797	2,952	2,994
2,797	2,958	2,990
2,805	2,946	2,938
2,805	2,957	2,932
2,807	2,959	2,959
2,802	2,959	2,981
2,805	2,959	3,008
2,805	2,954	2,989
2,794	2,954	2,968
2,794	2,959	2,971
2,807	2,958	2,965
2,809	2,959	2,962
2,812	2,964	2,966
2,810	2,959	2,969
2,815	2,946	2,934
2,810	2,964	2,941
2,802	2,959	2,972
2,807	2,962	2,979
2,818	2,969	2,985
2,817	2,959	2,967
2,802	2,964	2,967
2,807	2,972	2,956
2,797	2,959	2,937
2,790	2,961	2,934
2,790	2,963	2,980
2,800	2,967	3,007
2,805	2,970	3,006
2,794	2,966	3,001
2,787	2,967	2,954
2,779	2,959	2,938
2,787	2,965	2,932
2,797	2,969	2,957
2,799	2,974	2,994
2,793	2,966	3,021
2,795	2,967	3,019
2,792	2,969	2,989
2,790	2,966	2,993
2,787	2,958	3,026
2,792	2,962	2,983
2,789	2,964	2,974
2,795	2,957	2,949
2,802	2,961	2,957
2,807	2,964	2,982
2,795	2,961	2,982
2,794	2,962	2,964
2,795	2,964	2,968
2,787	2,964	2,939
2,792	2,964	2,939
2,802	2,964	2,968
2,800	2,969	2,969
2,794	2,964	2,939
2,805	2,962	2,924
2,794	2,960	2,901
2,800	2,966	2,916
2,817	2,970	2,934
2,805	2,967	2,916
2,814	2,958	2,889
2,814	2,960	2,870
2,810	2,959	2,857
2,800	2,957	2,867
2,797	2,961	2,881
2,810	2,959	2,909
2,816	2,962	2,921
2,817	2,959	2,909
2,819	2,956	2,904
2,817	2,959	2,870
2,810	2,956	2,841
2,802	2,962	2,844
2,805	2,959	2,887
2,804	2,964	2,944
2,807	2,959	2,984
2,808	2,954	2,981
2,810	2,948	2,984
2,812	2,949	2,971
2,800	2,951	2,963
2,807	2,957	2,964
2,805	2,957	2,963
2,810	2,949	2,949
2,799	2,948	2,922
2,805	2,959	2,905
2,809	2,953	2,924
2,803	2,957	2,952
2,795	2,961	3,004
2,797	2,960	3,013
2,795	2,952	3,028
2,794	2,949	2,992
2,793	2,951	2,977
2,792	2,951	2,971
2,790	2,959	2,994
2,797	2,959	2,987
2,789	2,959	2,980
2,798	2,948	2,986
2,794	2,946	2,980
2,785	2,943	2,999
2,780	2,944	2,994
2,785	2,952	3,030
2,787	2,948	3,053
2,784	2,952	3,045
2,778	2,949	2,984
2,774	2,942	2,949
2,777	2,941	2,981
2,780	2,944	2,993
2,792	2,941	2,994
2,798	2,936	3,021
2,797	2,938	3,013
2,792	2,934	3,021
2,797	2,935	3,006
2,795	2,939	3,008
2,785	2,940	3,046
2,797	2,945	3,031
2,796	2,938	3,016
2,810	2,947	3,006
2,810	2,944	3,019
2,810	2,939	3,026
2,809	2,946	3,038
2,811	2,946	3,033
2,810	2,945	3,021
2,810	2,947	3,041
2,815	2,946	3,075
2,810	2,946	3,031
2,806	2,946	3,006
2,799	2,946	2,977
2,813	2,946	2,956
2,800	2,944	2,958
2,797	2,946	2,999
2,797	2,947	3,032
2,795	2,945	3,017
2,804	2,944	3,001
2,815	2,939	2,992
2,815	2,939	2,998
2,810	2,943	2,993
2,817	2,941	2,981
2,821	2,944	2,979
2,825	2,942	2,990
2,827	2,939	2,981
2,822	2,943	2,989
2,817	2,945	3,001
2,816	2,951	3,011
2,815	2,955	3,031
2,813	2,951	3,037
2,818	2,957	3,006
2,817	2,954	3,013
2,817	2,959	3,014
2,814	2,962	3,021
2,823	2,967	3,036
2,817	2,952	3,036
2,818	2,959	3,016
2,820	2,958	3,045
2,827	2,962	3,066
2,817	2,963	3,050
2,810	2,962	3,004
2,808	2,959	3,006
2,812	2,959	3,038
2,822	2,954	3,038
2,828	2,962	3,048
2,817	2,959	3,038
2,813	2,951	3,043
2,812	2,952	3,001
2,825	2,949	2,949
2,820	2,959	2,964
2,817	2,956	3,001
2,823	2,953	3,038
2,815	2,957	3,046
2,808	2,961	3,048
2,805	2,955	3,038
2,797	2,961	3,049
2,811	2,964	3,054
2,825	2,960	3,050
2,819	2,956	3,050
2,830	2,954	3,021
2,820	2,957	2,983
2,820	2,952	2,989
2,812	2,957	3,004
2,814	2,959	3,031
2,812	2,956	3,056
2,810	2,957	3,052
2,797	2,951	3,055
2,805	2,949	3,038
2,813	2,937	3,013
2,817	2,944	3,013
2,820	2,943	3,052
2,812	2,947	3,031
2,817	2,944	2,996
2,812	2,946	2,987
2,799	2,944	2,952
2,791	2,939	2,939
2,800	2,937	2,909
2,797	2,939	2,891
2,789	2,938	2,887
2,796	2,945	2,883
2,803	2,942	2,937
2,805	2,943	2,959
2,795	2,934	2,927
2,794	2,933	2,887
2,802	2,934	2,916
2,801	2,937	2,959
2,799	2,939	2,944
2,808	2,939	2,926
2,800	2,931	2,896
2,787	2,931	2,907
2,784	2,931	2,902
2,787	2,932	2,899
2,793	2,931	2,899
2,797	2,928	2,911
2,785	2,929	2,892
2,785	2,924	2,896
2,784	2,924	2,906
2,788	2,931	2,934
2,785	2,932	2,939
2,792	2,937	2,949
2,797	2,931	2,969
2,808	2,936	2,979
2,806	2,929	2,958
2,810	2,929	2,949
2,808	2,924	2,926
2,795	2,928	2,919
2,787	2,926	2,938
2,782	2,930	2,925
2,785	2,930	2,925
2,781	2,933	2,937
2,780	2,925	2,926
2,787	2,922	2,949
2,782	2,926	2,977
2,785	2,931	2,976
2,781	2,929	3,008
2,782	2,931	3,036
2,789	2,924	3,026
2,789	2,921	2,980
2,785	2,926	2,993
2,787	2,931	3,026
2,789	2,931	3,014
2,794	2,939	3,030
2,787	2,934	3,007
2,797	2,934	2,998
2,792	2,933	3,013
2,799	2,934	3,024
2,799	2,937	2,996
2,805	2,934	3,006
2,795	2,934	2,996
2,794	2,934	3,006
2,797	2,934	3,026
2,791	2,931	3,032
2,779	2,934	3,058
2,784	2,933	3,088
2,777	2,936	3,133
2,780	2,932	3,139
2,789	2,928	3,168
2,794	2,927	3,150
2,796	2,930	3,125
2,794	2,932	3,083
2,787	2,932	3,088
2,787	2,936	3,100
2,794	2,937	3,083
2,790	2,939	3,076
2,782	2,938	3,070
2,788	2,931	3,079
2,794	2,939	3,083
2,794	2,949	3,078
2,780	2,941	3,076
2,777	2,944	3,050
2,788	2,938	3,033
2,793	2,938	3,038
2,792	2,934	3,075
2,792	2,936	3,088
2,794	2,936	3,064
2,803	2,942	3,029
2,802	2,944	3,038
2,792	2,944	3,031
2,797	2,942	3,027
2,799	2,939	3,057
2,806	2,944	3,063
2,800	2,943	3,018
2,805	2,945	3,009
2,800	2,947	3,046
2,812	2,938	3,025
2,817	2,945	3,021
2,807	2,943	3,024
2,806	2,949	3,031
2,817	2,944	3,004
2,810	2,944	2,984
2,815	2,939	3,006
2,812	2,939	3,050
2,804	2,944	3,061
2,817	2,935	3,051
2,815	2,941	3,021
2,810	2,931	3,028
2,810	2,928	3,014
2,812	2,934	2,994
2,812	2,939	2,963
2,808	2,943	2,949
2,810	2,938	2,986
2,802	2,931	2,969
2,797	2,934	2,941
2,794	2,936	2,945
2,786	2,931	2,938
2,787	2,931	2,948
2,790	2,932	2,924
2,795	2,926	2,919
2,802	2,924	2,924
2,792	2,925	2,916
2,794	2,921	2,904
2,794	2,926	2,894
2,805	2,930	2,907
2,794	2,925	2,904
2,795	2,927	2,926
2,792	2,921	2,945
2,793	2,922	2,974
2,803	2,919	2,984
2,802	2,921	2,993
2,802	2,918	2,988
2,784	2,926	2,959
2,781	2,919	2,937
2,767	2,926	2,941
2,778	2,918	2,957
2,780	2,919	2,949
2,767	2,919	2,967
2,765	2,921	2,944
2,759	2,919	2,932
2,760	2,914	2,948
2,772	2,912	2,955
2,767	2,910	2,944
2,765	2,907	2,921
2,762	2,911	2,912
2,773	2,907	2,944
2,775	2,912	2,996
2,770	2,901	3,027
2,765	2,907	3,014
2,762	2,895	3,013
2,762	2,898	2,993
2,762	2,902	3,014
2,770	2,905	3,034
2,767	2,903	3,018
2,780	2,892	3,013
2,780	2,900	3,046
2,797	2,907	3,075
2,794	2,897	3,019
2,795	2,904	2,974
2,784	2,911	2,926
2,792	2,907	2,907
2,794	2,906	2,894
2,799	2,907	2,925
2,802	2,907	2,949
2,802	2,907	2,946
2,797	2,907	2,969
2,797	2,906	2,976
2,795	2,907	3,014
2,794	2,914	2,986
2,778	2,916	2,974
2,774	2,919	2,991
2,777	2,907	2,984
2,777	2,907	2,982
2,780	2,907	2,991
2,772	2,916	2,969
2,770	2,914	2,976
2,772	2,918	2,981
2,780	2,911	2,949
2,788	2,917	2,944
2,796	2,915	2,912
2,777	2,922	2,931
2,785	2,918	2,989
2,789	2,922	2,996
2,784	2,919	2,986
2,786	2,922	2,987
2,787	2,926	2,994
2,785	2,929	3,001
2,787	2,926	3,030
2,780	2,931	3,032
2,790	2,926	3,019
2,785	2,934	3,039
2,795	2,933	3,065
2,790	2,931	3,098
2,794	2,938	3,068
2,795	2,941	3,061
2,784	2,936	3,019
2,790	2,931	3,016
2,789	2,931	3,040
2,792	2,932	3,056
2,794	2,934	3,084
2,792	2,934	3,100
2,788	2,937	3,098
2,792	2,941	3,078
2,785	2,939	3,046
2,789	2,943	3,045
2,787	2,937	3,048
2,795	2,943	3,065
2,797	2,933	3,031
2,793	2,935	3,008
2,792	2,942	2,982
2,794	2,933	2,969
2,792	2,934	2,979
2,794	2,934	2,996
2,795	2,937	3,000
2,794	2,936	3,014
2,785	2,931	3,015
2,782	2,934	3,001
2,787	2,944	2,994
2,793	2,943	3,063
2,794	2,941	3,058
2,805	2,938	3,019
2,808	2,936	3,016
2,809	2,934	3,022
2,805	2,931	3,028
2,817	2,921	3,038
2,811	2,927	3,021
2,812	2,926	3,029
2,810	2,919	3,025
2,810	2,919	3,016
2,812	2,919	3,001
2,803	2,919	2,976
2,807	2,926	2,941
2,799	2,923	2,920
2,807	2,925	2,907
2,805	2,923	2,899
2,802	2,925	2,910
2,799	2,933	2,917
2,793	2,929	2,880
2,795	2,925	2,857
2,795	2,922	2,881
2,795	2,918	2,899
2,786	2,919	2,890
2,790	2,919	2,857
2,784	2,914	2,869
2,785	2,921	2,851
2,775	2,917	2,827
2,777	2,916	2,783
2,771	2,919	2,769
2,787	2,919	2,792
2,782	2,916	2,819
2,778	2,924	2,797
2,775	2,919	2,793
2,765	2,919	2,791
2,754	2,917	2,831
2,778	2,914	2,839
2,777	2,910	2,840
2,777	2,919	2,855
2,775	2,907	2,869
2,775	2,914	2,854
2,774	2,902	2,841
2,777	2,916	2,844
2,785	2,920	2,874
2,780	2,918	2,884
2,787	2,922	2,874
2,786	2,918	2,867
2,792	2,919	2,875
2,788	2,922	2,887
2,795	2,922	2,844
2,784	2,921	2,812
2,789	2,919	2,865
2,796	2,931	2,873
2,814	2,927	2,897
2,802	2,929	2,929
2,792	2,925	2,919
2,795	2,929	2,918
2,790	2,933	2,909
2,786	2,937	2,907
2,794	2,936	2,916
2,788	2,931	2,912
2,785	2,929	2,915
2,782	2,929	2,966
2,784	2,931	2,976
2,792	2,921	2,955
2,796	2,929	2,950
2,807	2,932	2,965
2,797	2,941	2,964
2,805	2,934	2,969
2,797	2,936	2,989
2,794	2,941	2,970
2,795	2,933	2,984
2,800	2,943	2,979
2,812	2,935	2,996
2,815	2,939	2,987
2,804	2,940	3,005
2,815	2,936	3,002
2,823	2,936	2,994
2,823	2,937	3,007
2,815	2,941	3,006
2,818	2,941	3,038
2,807	2,944	3,050
2,813	2,939	3,016
2,812	2,935	2,993
2,807	2,939	3,026
2,805	2,934	3,046
2,812	2,933	3,031
2,805	2,941	3,048
2,815	2,944	3,056
2,818	2,944	3,031
2,817	2,944	3,051
2,807	2,946	3,067
2,807	2,956	3,088
2,812	2,964	3,095
2,808	2,966	3,081
2,812	2,969	3,051
2,817	2,960	3,056
2,815	2,953	3,034
2,812	2,959	3,063
